2.923564e+11 0.033649223 -0.22164873
8.3763138e+10 0.13632898 -0.26330315
1.8831524e+11 -0.12226653 -0.22575224
9.8757169e+10 0.21656617 0.21113888
4.4588286e+11 0.16930076 0.11933333
4.8183536e+11 0.16513467 -0.093960452
3.6529523e+11 0.18646544 -0.096393058
2.0524399e+11 0.029566665 0.26619909
3.9500638e+11 -0.059856599 0.2194621
1.2441134e+11 0.051700289 0.292015
9.3483774e+10 0.022215243 0.31234026
2.3563975e+11 -0.018500315 0.25995055
6.9025256e+11 -0.14218425 0.1185245
1.0856392e+11 0.089563223 -0.26821403
7.9023109e+11 0.15455773 0.024039562
2.6069291e+11 -0.065036643 0.24673605
1.2686868e+12 -0.074425193 -0.082792658
5.7968795e+11 -0.10490738 -0.14850415
2.1572445e+11 0.12204388 0.23082292
9.4711548e+10 0.27432105 0.12209583
2.3129441e+11 -0.17588739 0.19560775
3.2320711e+11 -0.15886051 0.18192837
7.4714891e+11 -0.045257728 -0.1513223
1.4081332e+11 0.26588504 0.075887266
4.4568645e+11 -0.021517962 0.21703665
3.3860874e+11 -0.15791131 -0.15702498
8.571147e+10 -0.081032502 -0.28791515
3.9714066e+11 0.0635807 -0.19261786
2.7416056e+11 0.108121 -0.20006604
1.2040143e+11 0.065696018 0.29063755
2.1882643e+12 0.0076742016 0.024345208
6.1681356e+10 0.24070181 -0.19998924
1.2494936e+11 -0.17449266 -0.22206927
6.4099436e+10 0.22081824 -0.2185797
9.2739053e+11 0.10069422 0.11176146
1.511179e+11 -0.28186928 0.032495258
1.0574255e+12 -0.083915721 -0.099612767
7.6914038e+10 0.29618277 0.091101994
7.6861998e+11 -0.13149257 -0.095703978
1.4694102e+12 0.089363454 0.030766366
8.6342371e+10 0.18152673 0.25357144
5.3938869e+11 -0.037128334 0.20102687
4.8842093e+11 0.19346566 0.0093302315
4.1255943e+11 -0.15215599 -0.1437851
5.7298382e+11 0.07735455 -0.15763296
1.9223387e+12 -0.061846019 -0.0010780606
2.0761749e+12 0.024591601 0.033595604
8.693291e+10 -0.099303603 -0.28194274
1.9265451e+11 0.24461876 -0.063011349
4.5788621e+11 -0.1720227 0.13160003
7.6479657e+11 -0.095746208 -0.1275859
8.0862665e+11 0.099692817 0.12997265
3.1108351e+11 0.13098844 0.19701732
7.3134398e+10 -0.022561833 -0.30508057
7.6306543e+10 0.29630749 -0.071098457
3.9927237e+11 -0.20395256 0.09507653
1.2547859e+12 -0.077599484 0.10352402
8.0251818e+10 0.22674776 -0.19521544
8.0648737e+11 0.029247285 0.16667623
4.5173518e+11 -0.15372665 -0.13314837
3.2927778e+11 -0.2343468 0.014347986
8.2861425e+11 -0.13470756 -0.080963776
8.4788727e+11 -0.113693 -0.10203214
1.5212755e+12 0.085617034 -0.0048795
1.2000286e+11 0.28227029 0.024923871
2.2946377e+11 0.042065693 -0.23580729
4.0626147e+11 0.19754679 -0.051338339
1.5526176e+11 0.061716417 -0.25544659
4.3939702e+11 0.19719281 -0.029820547
2.5961135e+11 -0.11785568 0.22721747
5.8165171e+11 -0.062424497 0.18913251
1.5291335e+12 -0.015961499 0.10319434
7.3072902e+10 0.18938456 -0.2374208
1.3239821e+12 -0.093587659 0.079251697
2.2287433e+11 0.021545759 0.2621173
7.9877131e+10 -0.30723325 -0.069961603
4.4916089e+11 -0.1113146 0.18846929
3.4770567e+11 0.10574368 -0.18336817
2.0870779e+11 0.14718658 -0.19530069
6.9761674e+10 0.29614945 -0.088046401
5.7570878e+11 -0.032086858 0.19671833
9.1150821e+10 -0.26824633 0.16621063
3.3827824e+11 0.053892683 0.22851229
1.560963e+11 -0.25110485 0.13507555
1.3647678e+11 -0.26502977 -0.10198787
8.8438301e+11 0.037676004 0.15591485
7.6802923e+11 -0.039829567 0.1715972
1.4301565e+11 -0.13037608 0.26121129
1.3799737e+11 -0.12833266 0.26447842
6.4670584e+10 0.25294931 -0.18060869
7.2556689e+10 -0.20429602 -0.23631098
6.4064128e+10 0.26440138 -0.16487051
1.8699593e+12 -0.068072508 0.017350693
5.5582541e+11 0.1545208 -0.090712284
2.5178605e+11 -0.22716066 0.11810354
1.8668474e+12 0.016324802 0.068543316
1.8096586e+12 0.05563754 -0.015792734
6.2635962e+11 -0.18656663 0.0302225
1.4213424e+12 0.095185445 0.01987279
2.2440061e+11 -0.25791156 -0.013198761
1.0689941e+11 -0.13395873 -0.25619766
1.0683394e+12 0.12523226 -0.011543494
6.7066535e+11 -0.13570921 0.12971984
8.4465411e+11 -0.1123218 -0.10378532
7.5050678e+10 -0.28550648 -0.13472053
1.7113472e+12 0.025100907 0.080704432
4.0881544e+11 -0.21530741 0.052947123
9.6646116e+11 -0.063363733 0.14259369
8.5795429e+10 0.23631594 -0.17808436
7.1496547e+11 0.13575788 -0.082682042
3.7072588e+11 -0.21334314 -0.063598637
1.1300519e+11 0.28581265 0.0011503745
5.5742275e+11 0.042040624 -0.17321826
9.3345429e+11 0.039683991 -0.12862415
9.3309741e+10 0.026521883 0.31199753
1.9139646e+12 -0.022895057 0.065826859
1.4908802e+11 0.22753433 0.15854621
7.0406219e+11 0.15838241 -0.03614974
6.7882434e+11 -0.14570756 0.11621974
2.1048266e+12 0.025426897 -0.0024131725
8.2605903e+10 -0.19041565 -0.2383973
1.9009323e+12 -0.0037893306 0.069451605
5.2224044e+11 -0.17754937 0.10483721
6.4618836e+11 0.16564975 -0.036178374
6.3751855e+11 0.13315621 0.12355259
1.101163e+11 -0.28946811 -0.069276234
9.0806146e+10 -0.14493594 -0.26065418
8.7536537e+11 0.082456516 0.13475875
5.6257043e+11 0.016060709 -0.17747037
5.643839e+11 -0.1177165 0.16393959
8.9594658e+11 -0.094968896 0.13269994
6.5946629e+11 -0.080493819 -0.15002162
8.1316307e+10 0.30028444 -0.035798957
2.6999898e+11 -0.24730041 0.017449883
4.2139068e+11 -0.082753158 -0.18589127
3.1275632e+11 -0.014156556 -0.22052381
1.7744674e+11 -0.25692933 -0.081198674
1.0297681e+12 -0.0025195715 0.14810178
8.1111849e+11 -0.11881235 -0.10252861
1.8034524e+11 -0.069120839 -0.24772156
1.2362541e+12 0.05862616 0.10960863
1.1329138e+12 -0.03672907 -0.11343475
9.6809187e+11 0.13664748 0.014772197
3.346811e+11 -0.19644814 0.13472764
3.9548752e+11 -0.13344209 0.18473951
2.7287408e+11 0.13571624 0.20415495
1.0521337e+12 -0.12888325 -0.046949076
2.4757199e+11 0.084616715 0.23958848
2.2245002e+11 0.22813419 0.10508491
1.1497914e+12 -0.078468762 0.11454487
1.3877713e+11 0.094643905 0.27292516
1.1532035e+11 0.24793325 -0.13141818
5.5173616e+11 0.083877533 0.1788951
6.2978163e+10 0.20739439 -0.23238874
5.8062187e+11 0.16619826 -0.060753729
8.1534848e+10 0.28826528 -0.085868491
1.3286584e+12 -0.10850773 0.052932973
1.0809649e+11 0.25230288 -0.13090232
1.7928453e+11 0.22868331 -0.11371168
3.3392917e+11 -0.22424578 0.07476333
4.9112576e+11 -0.11919998 -0.15419773
2.8926804e+11 0.14236192 0.19423815
1.1038876e+11 -0.12888995 0.27804061
2.9868099e+11 0.21959436 0.071546896
8.7277109e+10 -0.21097751 -0.21787678
8.73829e+10 -0.28986606 -0.10635101
1.0508332e+12 -0.017991075 -0.12420905
1.0146133e+11 -0.18384417 0.2510104
3.0699648e+11 -0.1176058 0.21505556
2.8271399e+11 0.14741566 -0.1706697
6.7434247e+11 -0.0018785696 0.18580521
1.8268901e+11 -0.27069681 0.032313829
8.9515567e+10 0.1308042 0.28333856
9.918283e+10 -0.09355596 -0.27629042
1.7097427e+11 -0.08117964 -0.24778962
2.1029687e+11 0.079985637 -0.23090687
1.2058653e+11 0.24152862 0.1587713
1.48918e+11 0.18302369 -0.19137391
6.5965375e+10 0.09204774 -0.29536647
8.5396764e+11 0.053082009 -0.13229824
1.091355e+11 0.091411339 0.28847699
3.9135101e+11 -0.049506638 0.22249367
1.2881972e+12 -0.032051279 -0.10023593
1.1633871e+11 -0.035199699 0.30035482
1.1238678e+12 0.11292084 0.058070359
1.5286741e+12 0.017596408 -0.078995792
1.2097816e+11 -0.29460783 -0.010066231
7.9451472e+11 0.14090618 0.075859864
1.8360633e+11 -0.0050445811 0.27547536
1.676776e+11 0.25805283 -0.043130197
2.2307357e+11 0.2455525 0.029107292
5.0762806e+11 0.010735317 0.20725753
6.7753592e+10 0.3064057 -0.055534471
5.9103291e+11 0.17880579 0.018831149
3.5731785e+11 0.10867918 0.20079083
9.3018562e+11 -0.070133662 0.14346847
1.1889785e+12 -0.0039635159 0.13341999
1.3276457e+11 0.08342726 -0.25841102
2.6473418e+11 -0.11670024 0.22640731
7.9568583e+10 0.27363189 0.14671111
7.3231736e+11 -0.075144373 -0.14294085
2.3145383e+11 -0.2393545 0.10357647
8.8299174e+11 0.063967886 0.14525959
5.4767924e+11 -0.19555523 0.041801794
1.338989e+12 -0.058479765 0.10709842
2.1874101e+11 0.086284851 -0.22595302
3.0553026e+11 0.048385036 0.23695947
1.3131479e+12 -0.11632942 -0.009661752
9.4670039e+10 0.17907608 -0.22802933
1.7978371e+12 -0.033219192 -0.052672651
1.5960314e+11 0.075075397 0.27122558
4.888741e+11 -0.121676 -0.15289237
1.0518303e+12 0.12115461 -0.033708728
1.6071645e+11 0.20156833 0.18663723
1.1857284e+11 -0.14279042 -0.24530336
3.2063135e+11 -0.22685061 0.075543243
4.9866939e+11 0.093063291 0.18249098
3.2075273e+11 0.10470851 -0.19019643
9.0174875e+11 0.11526963 0.098105593
1.027356e+12 0.091138168 -0.086167645
1.7440901e+11 0.2268232 -0.12055363
2.391968e+11 -0.068175915 0.25155861
4.4602721e+11 -0.21095951 -0.020192652
4.3163555e+11 -0.1107726 0.19209332
2.8952145e+11 -0.056348073 0.24180614
3.0477154e+11 -0.1046206 0.22212179
1.7315823e+11 0.19770108 0.18441989
1.1347849e+11 -0.29807086 -0.011506358
8.4718089e+11 0.14861738 1.3734447e-05
1.9897108e+11 0.24917455 0.056396289
1.5817644e+11 -0.13719613 0.25111448
1.8944812e+11 0.24326108 -0.070822713
1.9871719e+11 0.033245835 0.26763772
8.1185096e+11 -0.0467186 -0.14356895
1.2576917e+11 0.26845516 0.091159858
3.142221e+11 0.22364834 0.027892437
3.145425e+11 0.2204207 0.052414446
8.0722666e+11 0.12905733 0.095319545
2.8856059e+11 0.22976944 0.018206328
2.1261361e+11 -0.12122145 0.2395103
4.4627097e+11 0.039764512 -0.19083213
1.8881608e+11 0.14626387 -0.20350233
2.2278127e+12 -0.0043114426 0.0062851093
6.0577503e+11 0.16048732 0.086957977
4.5579942e+11 -0.1327314 -0.15107347
9.0261511e+11 -0.077953676 -0.12107441
2.5715215e+11 0.2333941 -0.032880015
1.5382464e+11 -0.0015947192 -0.26455235
7.9806171e+11 0.11437324 0.11678293
7.0699228e+11 0.0011833811 0.18179568
3.3399327e+11 0.2175979 0.045058431
1.2696605e+12 -0.12196214 0.015220745
9.1925555e+10 -0.18464711 -0.2355461
1.3198439e+11 0.27007059 0.074181522
5.9821311e+11 -0.17737641 0.0810515
7.1335536e+11 -0.048265352 -0.15459304
1.608856e+11 -0.040318252 0.28120164
2.2193775e+12 -0.0046752382 0.020685439
5.3332438e+11 -0.054353372 0.1983384
1.1796874e+11 -0.2206101 -0.18525332
4.1795734e+11 -0.02969774 -0.19949155
1.0764183e+11 -0.22177831 0.21302621
9.5226911e+10 -0.018703574 -0.29121366
1.6492911e+11 0.23396791 -0.11425913
1.9616613e+11 -0.24115945 0.12463706
3.1944316e+11 0.11395211 -0.18510193
1.2381047e+11 -0.25555579 -0.13297383
1.0118462e+11 -0.29755881 0.078125846
5.0243177e+11 -0.11789025 0.17457931
1.0586312e+12 0.0031564476 0.14507322
3.1974609e+11 -0.19479439 0.14262655
6.8921565e+11 0.017829938 0.18234305
2.62978e+11 -0.2210231 0.12409136
7.0995974e+11 0.15974923 -0.028080106
9.6550944e+10 -0.017680718 -0.29050541
3.2413558e+11 0.21143666 -0.05880267
1.6156375e+12 -0.09066217 -0.0036233335
1.5238858e+12 0.0086073855 -0.081369149
1.0865743e+12 0.057048039 0.12643213
1.7153597e+12 -0.03804989 -0.05887806
2.4416124e+11 -0.21154526 0.14907086
1.2548985e+12 -0.084217867 0.098044494
2.1365502e+11 -0.15618171 -0.19645314
2.1840581e+11 -0.19017164 -0.16502747
1.2675376e+11 0.25360338 0.12975702
5.597447e+11 -0.071415836 0.18922822
1.6809304e+11 0.17521241 0.21023001
1.8464633e+11 -0.060351839 0.26963357
8.2412059e+11 -0.0045172463 -0.14739719
3.329408e+11 0.139795 -0.16297224
1.1201718e+11 0.056301323 -0.27577582
9.5650367e+10 0.27389939 -0.10052125
2.5476285e+11 -0.14229421 0.21424046
3.0902254e+11 0.22427843 -0.01209155
5.0641548e+11 0.17685521 0.083560283
1.6732125e+12 0.036272581 -0.057056125
1.3022781e+11 -0.030234314 -0.2731464
1.5540925e+12 -0.097236156 0.0079905808
1.7540017e+11 0.15699558 0.22226226
9.4995957e+10 0.20583644 0.22545337
9.0435476e+10 0.0097101282 0.31506183
1.8111073e+11 0.1981866 0.17968505
1.5983256e+12 0.06870461 0.053956828
5.2774697e+11 -0.19580792 -0.033333611
4.1470845e+11 -0.13459852 -0.15817813
2.3987759e+11 0.23715745 0.057953621
3.3709e+11 0.15428872 0.16975377
6.3378824e+10 0.21292408 -0.22695441
2.5499923e+11 0.23022531 -0.049918472
9.6525251e+10 0.29454376 0.015995111
9.7442873e+10 0.19210673 0.23639685
3.5732851e+11 -0.1943209 -0.10820706
9.7148346e+11 -0.14627412 -0.019753784
9.7473505e+10 0.29400452 0.0046622923
2.1229274e+12 0.022337044 0.024229821
1.0728417e+11 -0.18103213 0.24928758
5.9536537e+11 -0.18456565 0.061438092
1.435143e+11 0.042276235 0.28557796
4.2555555e+11 -0.18336188 -0.10274019
6.8574836e+11 0.15743749 0.067782446
4.0921052e+11 -0.18292997 -0.10844407
3.3609934e+11 -0.20496752 -0.098338926
1.2667357e+11 0.19367436 -0.19394493
1.5525937e+11 -0.25091571 -0.11447101
1.3803339e+12 -0.0095582895 -0.095032169
2.1377303e+11 0.093429432 0.24583773
9.9804019e+10 0.15962078 0.25974661
5.1879866e+11 0.04350998 0.19985168
9.8647056e+10 0.25641099 -0.13381436
9.713082e+10 0.26456014 0.14099739
1.8993137e+11 -0.046140988 0.2704669
1.0506521e+11 -0.23391577 0.20135584
2.9458355e+11 0.062877505 0.23543989
7.9858434e+10 0.21794129 -0.20517696
1.0021175e+11 0.29213694 -0.0052932629
8.9370634e+11 0.068816471 -0.11991602
5.4511105e+11 0.15596292 -0.091215999
6.6905985e+11 0.10376538 -0.12609579
5.3127325e+11 0.078946802 0.18467063
3.5697258e+11 0.07416788 -0.19658495
4.9624622e+11 -0.19827044 0.063979037
3.1153709e+11 -0.16840331 0.17637008
4.4728905e+11 -0.12449784 -0.15884352
4.7152971e+11 0.19437471 0.036765154
1.4925337e+11 0.20474455 0.18953727
2.1728602e+11 -0.24648369 -0.074049221
1.7326013e+11 0.22964563 0.13749367
1.4025891e+12 0.046674254 -0.07843911
1.005226e+11 0.28766239 -0.042394529
6.1408259e+11 -0.083250627 -0.15504223
1.1750101e+12 -0.1303491 0.0048223527
3.956564e+11 -0.21808178 0.050723383
1.4890512e+12 -0.079982008 0.073234194
6.7646582e+11 0.057197494 0.1735343
1.7149176e+12 -0.071802357 0.050706464
7.2806716e+10 -0.067522632 -0.29975523
8.4183562e+11 -0.14595091 0.081308547
2.4629657e+11 0.13409677 -0.1920512
8.9311128e+11 -0.09465844 0.13328174
1.4728711e+12 0.087860805 0.035815945
5.2149078e+11 0.011204701 0.205187
7.2191202e+10 -0.16153126 -0.26551803
1.8844209e+11 0.25316494 -0.031216958
5.1662409e+11 0.13555806 -0.12417644
4.5882408e+11 -0.18101123 -0.09630066
3.6306825e+11 -0.21000103 0.09768497
9.2236653e+11 0.10791263 0.10429073
6.8507749e+11 0.037004601 0.17900286
1.4147741e+12 0.01577681 0.11110996
2.8968034e+11 0.19086734 -0.11908747
5.7050253e+11 0.032859878 -0.1735746
1.4973866e+11 0.25673609 0.095462123
1.7408356e+12 -0.04057829 -0.055072653
3.4926639e+11 -0.079344464 -0.2010291
1.5323284e+12 -0.062051725 -0.063380476
1.8490214e+12 0.012344388 -0.050275892
1.3154532e+11 0.2629567 -0.079039566
8.487901e+11 0.032483311 -0.1398087
1.7266599e+11 -0.13487869 -0.22504707
1.7485745e+11 -0.1534221 0.23454564
1.7878969e+11 -0.15693374 -0.20909761
2.5464447e+11 0.23595146 0.041706627
1.6713435e+11 0.21543132 -0.14351065
1.2550382e+12 0.013901377 -0.10426081
1.1351366e+11 0.2559305 -0.11801543
8.7046118e+10 -0.30710112 0.072443018
3.3536346e+11 -0.13738837 -0.17429852
2.6826736e+11 0.18219084 -0.13955711
1.1036007e+11 -0.093172419 -0.27028736
1.5854343e+12 0.0058621143 -0.076356146
4.8743014e+11 -0.15582495 0.14435051
1.9770362e+12 0.035884285 0.038336479
5.1251076e+11 0.14305597 -0.11671976
1.4531926e+12 0.073742443 0.069363148
2.3058434e+11 -0.17703628 -0.17324929
3.9195827e+11 -0.095206334 -0.1861964
1.5060953e+12 0.087200409 -0.0033197294
1.1678865e+12 -0.033145871 -0.11099286
1.7321568e+12 0.058512379 -0.026215614
6.131596e+10 0.29349489 -0.11434421
2.2928913e+11 -0.023558352 0.26136665
1.2363336e+12 0.034306553 -0.10044905
5.9347958e+11 -0.15286688 0.12455697
4.255764e+11 -0.21396505 -0.022734165
8.4112456e+10 -0.11715673 -0.27753588
7.5765463e+11 -0.13260379 0.11788627
2.2244997e+11 0.24562222 -0.0091892497
1.0713116e+11 0.13946151 -0.2464426
1.3366608e+11 -0.27501976 -0.079325334
9.9065038e+10 0.27596297 0.11079444
2.0341727e+11 -0.26508212 0.0092124033
6.627253e+11 -0.028751616 -0.16444731
1.7776391e+12 -0.036386301 0.074907713
2.0050554e+12 0.035626854 -0.010905276
4.5798267e+11 -0.20530723 -0.038713638
4.9918958e+11 -0.15068741 0.14732296
5.9552453e+11 0.057873161 0.18419412
5.701577e+11 0.13772611 0.13182771
9.8370989e+10 0.17984157 0.24598276
2.4406105e+11 0.22003052 -0.088158953
1.2973594e+11 -0.15549612 0.25367512
5.7510044e+11 0.17341813 0.063912392
1.224403e+12 -0.098553306 -0.065499189
7.4495697e+11 -0.017915041 -0.15575728
6.8642911e+10 -0.089071647 -0.29788452
1.8111541e+11 0.25608377 0.049114089
2.2147124e+11 0.17946024 -0.16129694
1.1468834e+12 0.094034583 -0.065880524
1.4747946e+11 -0.160276 -0.22045136
3.5564905e+11 0.0087405716 -0.21148481
4.6084029e+11 -0.19077746 -0.077709754
1.2095268e+11 0.03783809 -0.27488795
4.6759522e+11 0.1514178 0.13862036
3.7999425e+11 -0.19031678 0.12824946
1.0318939e+11 0.12331469 -0.25726716
1.3634838e+11 -0.2074225 0.20887405
1.6791311e+11 -0.27108786 -0.043281229
5.065597e+11 -0.088764958 0.19028763
9.175156e+10 0.15674832 -0.24586189
1.8420873e+12 0.0087114263 0.073512965
1.0219528e+11 -0.11169429 0.28977941
5.9959901e+11 0.064782763 0.18088321
1.0027582e+11 0.059241759 0.30257155
1.2959046e+11 0.13120659 0.26012768
2.3700811e+11 0.22466677 -0.081832248
9.3024243e+10 0.18342439 0.24698546
3.5546081e+11 0.10638198 -0.18125582
2.0713883e+11 0.1125193 0.23893646
4.7831528e+11 0.096290682 -0.16281393
2.1767914e+11 0.21805291 0.12995606
1.091819e+12 0.11569574 -0.037658654
9.2516529e+11 0.14028663 0.024869551
1.8459706e+11 -0.039429181 -0.25176695
2.6602369e+11 -0.20592627 -0.12602439
2.4856648e+11 0.029761382 0.25416327
1.0796481e+11 0.28446522 0.059148022
2.0329407e+11 0.14310254 0.22153525
3.4671651e+11 0.19727781 0.10421779
2.704239e+11 0.13514744 0.2052908
1.2468867e+11 -0.03672937 0.29630709
6.8956487e+10 -0.17259493 -0.26179146
1.3926951e+11 0.27141738 -0.02894796
1.0202048e+12 0.12512292 -0.031304816
1.0449143e+11 0.29025758 0.013926876
9.5738926e+10 0.036367125 0.30934823
3.3524831e+11 -0.16517577 0.17267969
1.0748002e+12 0.080592119 -0.089905938
3.6850643e+11 0.20229876 0.080136437
2.7988942e+11 -0.24436941 -0.0074436532
1.5680081e+12 -0.090158743 -0.021177789
2.0435713e+11 -0.15740559 -0.19892722
1.0224811e+11 -0.30261203 -0.023987301
1.1976332e+12 0.078023405 -0.077010033
2.3799196e+11 -0.19609191 0.17208672
1.3721312e+12 0.097334978 0.033833656
9.9847216e+10 0.29133055 0.039790064
8.9191433e+10 0.032590241 0.31371036
1.4647224e+12 -0.086954777 -0.046091799
1.1791972e+12 0.10794151 -0.035511281
7.0595075e+10 -0.037624313 -0.30579611
1.1352969e+12 -0.13391201 0.0038163525
8.2703347e+10 0.2543189 -0.15591056
7.4043101e+11 0.075606901 0.15648077
2.4259218e+11 0.11453985 0.22671137
1.1645645e+11 0.07633359 0.28960572
3.7484738e+11 0.142989 -0.14932539
8.1029426e+11 0.11216964 0.11726716
9.784255e+11 -0.054816525 0.14470916
1.310265e+11 0.2685234 0.082238584
1.5680865e+11 -0.038751174 -0.26156095
1.1196712e+11 0.23269052 -0.15869758
1.184745e+12 -0.0086271141 0.13381423
1.1624008e+12 -0.0032098491 -0.11432701
2.9040552e+11 -0.00076079206 0.24681749
3.8807509e+11 -0.13540933 -0.1633946
5.1811951e+11 -0.15227604 -0.11990719
1.0192197e+11 0.28991889 -0.021388517
5.2023853e+11 -0.15779018 -0.11299227
6.8619693e+11 0.15984567 -0.03872516
2.0111456e+11 -0.26571941 0.005274357
1.2845559e+12 0.016988035 -0.10100285
3.9746024e+11 -0.21912248 -0.020976334
1.4042217e+11 -0.045097027 0.28850567
9.9497842e+11 0.12798428 0.05172001
2.9902236e+11 0.041652099 0.23994004
7.7149531e+11 0.12091291 0.11354806
1.1605731e+11 0.11692461 0.27434721
9.8532331e+11 -0.14041406 0.057223117
2.7214097e+11 0.14577155 -0.17525454
2.5740093e+11 -0.05254462 0.25030484
1.9480708e+12 0.041147498 0.035553727
1.7119558e+12 0.058883229 0.050710207
1.6061686e+12 -0.0081551869 0.096922238
1.2226017e+11 -0.088091842 0.28724668
1.4589316e+11 0.037551513 0.28542119
9.4879517e+11 0.086628642 0.12211296
1.7964297e+11 -0.24548691 0.1278113
2.1377984e+11 -0.16578252 -0.18911045
2.2932467e+11 -0.25448876 -0.02926607
3.6540424e+11 0.14999623 -0.14496817
9.7492362e+11 -0.099689751 0.1189141
3.2199768e+11 -0.21941155 -0.074497111
3.0047887e+11 -0.21607596 0.11480593
1.3672817e+11 0.21925974 -0.15810262
1.2404877e+11 -0.1135778 -0.25613753
9.1632236e+10 0.29273123 -0.04250547
2.023263e+12 -0.051873557 0.0087190599
3.7431205e+11 -0.15647918 0.17061438
3.0009719e+11 0.15251806 -0.16092148
3.5059727e+11 -0.20549498 0.11290017
7.6599101e+11 0.14916187 0.063303448
4.7704432e+11 -0.20818631 0.001338246
4.53595e+11 -0.058834621 -0.18811529
8.4053653e+10 0.20363992 -0.21545951
5.4622905e+11 -0.078472398 -0.16703867
4.5490939e+11 -0.19424908 0.094076857
6.0605e+10 0.27014372 -0.16111
4.3499323e+11 0.15077471 -0.12617175
2.1015561e+12 -0.0062696084 0.045919876
1.2573242e+11 -0.21571787 -0.18528791
8.6222145e+10 -0.23426505 -0.19562319
5.6462773e+11 -0.12053633 0.16181169
1.0788542e+11 -0.20252189 -0.2100276
1.8196236e+11 0.14434111 -0.20756532
1.4767139e+11 -0.27168622 0.092786665
1.5712563e+12 0.067021766 0.061100856
4.90315e+11 0.012966844 -0.18825081
1.7470477e+11 -0.094200192 0.2637177
5.5074634e+11 -0.078963531 0.18764758
1.6184653e+12 -0.071417518 0.065875473
5.3861279e+11 0.18553745 -0.0045677784
1.071432e+11 -0.20662092 -0.20682996
1.9151956e+11 -0.21246864 0.17314785
1.3290784e+11 0.27574316 -0.014727034
3.8286495e+11 -0.042904884 -0.20385254
1.3096357e+12 0.10410163 -0.0057702621
5.9413957e+10 0.28739978 -0.13182189
2.2480225e+11 0.22761797 0.10462262
2.6688864e+11 -0.24448677 -0.030986853
1.1500689e+11 0.28318332 0.043044593
4.4756504e+11 -0.015066294 0.21709686
1.4342452e+12 0.052977292 -0.070973368
1.4824508e+12 0.090180932 0.015498785
2.9165516e+11 -0.087438216 0.23234193
1.886961e+11 -0.17941553 0.20915134
2.3746194e+11 0.16742197 -0.16746336
1.0359872e+11 -0.29794617 0.070287317
1.7897131e+12 -0.049240988 0.065756719
1.8771878e+12 0.03306875 -0.035737991
1.8645072e+12 -0.054519196 0.050721371
7.0220329e+11 0.12486409 -0.099846613
5.9086324e+10 0.1759334 -0.26080163
5.0247441e+11 0.13789009 0.14609045
4.8235745e+11 -0.002925453 -0.19037866
1.0659335e+12 0.11688351 -0.041151576
8.8534066e+10 -0.22012544 -0.20827406
3.4700436e+11 -0.13060585 -0.1761582
1.1929722e+11 -0.29495256 -0.015431986
1.2078384e+12 -0.090772431 0.097675005
8.560591e+10 -0.30731854 -0.053997948
1.3679599e+11 -0.27088126 -0.087101802
6.9857119e+10 -0.10960419 -0.29066336
2.8540019e+11 0.042827255 -0.22147794
5.4182556e+11 -0.1757751 -0.080637611
2.0331616e+12 0.035722961 0.023253542
1.4634977e+11 -0.25359254 -0.11674081
2.7771921e+11 0.15779187 -0.16289917
9.0395956e+11 -0.11992805 0.10867254
2.5017923e+11 0.015392959 0.25547337
2.4928543e+11 0.19140945 -0.13519882
1.0749948e+11 0.23968081 0.17366938
4.3830828e+11 -0.20926018 -0.035814101
5.193727e+11 0.099230313 0.17515241
9.3130947e+10 0.25211756 -0.14744337
2.6387972e+11 0.22618342 -0.056472992
5.1703872e+11 -0.093095301 -0.16503298
1.1294444e+11 0.21849929 0.19764452
7.8931856e+10 0.29915292 -0.051256962
1.2518574e+11 0.25741482 -0.10161677
3.5001354e+11 0.010430162 0.23381621
4.0247651e+11 0.0036554614 -0.20319829
1.0622875e+12 -0.079988648 -0.10172109
1.2469766e+12 0.042060655 -0.096239137
3.1863958e+11 0.17795838 0.14793424
6.7111028e+11 0.034987762 -0.15984934
1.4731418e+11 -0.26375767 -0.093729769
1.7632558e+12 0.065193626 0.016253614
4.9931988e+11 0.14374837 -0.11890524
2.7941206e+11 0.22124542 -0.060141671
1.8052713e+11 -0.27227604 0.011271659
6.3938401e+11 0.16657031 -0.036033713
1.2954253e+11 0.015805856 -0.27357446
9.4918879e+10 0.22757391 -0.18036537
3.6187131e+11 -0.10215314 -0.18905484
4.8344283e+11 -0.19324071 0.085002686
1.1125781e+11 0.098302713 0.28480885
4.0820883e+11 -0.014039832 0.22370307
8.4931886e+11 -0.04904956 -0.13878978
1.7451689e+12 -0.0081006663 0.084472486
4.1654499e+11 -0.13071866 0.18220519
4.6080371e+11 -0.15026333 -0.13458951
2.9378645e+11 -0.13932867 0.20516594
5.9225913e+10 0.24577368 -0.19715211
3.8609854e+11 -0.16424664 0.15984764
2.1822485e+11 0.23414415 0.092248848
1.6518755e+12 -0.072054311 -0.038763249
1.4741473e+12 -0.024456728 0.10679438
1.9082326e+11 0.039509027 -0.24778131
3.2612108e+11 0.14171277 0.1844817
1.7319595e+11 -0.15567066 0.23373475
2.6787837e+11 0.17456907 0.17012509
1.8846823e+11 0.0079290115 -0.25219759
7.4142642e+10 2.1100277e-05 -0.30471395
1.1273706e+11 -0.071171875 0.29630541
9.5629634e+11 -0.026310967 -0.13246385
1.2835025e+12 -0.11155791 -0.034281645
9.0942202e+11 0.012410615 0.15875434
9.0793856e+10 0.24180987 0.18678628
5.4207367e+11 -0.046439102 -0.17746305
6.9549809e+11 -0.0044302724 -0.16188835
6.863925e+10 0.30870433 0.060488769
9.8977748e+10 -0.30185152 0.063058798
3.620981e+11 -0.094168043 0.21411893
3.7346209e+11 -0.051931 0.22530586
1.3401706e+11 -0.2663209 -0.10161082
4.7075829e+11 0.19616995 0.0088956717
1.0779831e+11 -0.20347714 0.2307743
4.4831603e+11 -0.13545813 0.17199455
1.3634005e+11 -0.071967561 -0.26380799
6.2518716e+10 -0.097290598 -0.30057721
1.7399083e+11 -0.25083242 0.1208986
1.8794518e+11 0.25535812 -0.015627849
1.456221e+11 -0.28485355 0.011574316
7.1376048e+11 -0.15452416 0.095360677
3.0020114e+11 0.09896364 0.21951212
2.2627245e+11 -0.15958927 0.21103043
1.4621006e+11 -0.16749663 0.23759136
1.6209401e+11 0.2629114 0.04764982
1.730976e+12 -0.061591629 -0.040191396
2.4956625e+11 -0.20339557 -0.13653807
1.9518713e+12 -0.028714008 -0.037830194
1.4514562e+11 0.15744991 -0.21450682
2.6357907e+11 0.037603101 -0.22774978
1.447907e+11 -0.27418143 -0.066699859
3.2370726e+11 -0.00095892302 -0.2182946
2.2433051e+11 0.1186495 0.22999675
3.8701748e+11 -0.079480194 -0.19350067
1.3368195e+11 0.26903538 -0.054207234
1.3984422e+11 -0.20535649 -0.18733951
4.801559e+11 -0.064253953 -0.18227196
3.7183746e+11 -0.18467923 -0.11760369
1.4543462e+11 -0.27910613 -0.045799419
4.19148e+11 -0.20285029 0.088755592
3.5302927e+11 -0.027662858 0.23289576
4.0643311e+11 0.2062449 -0.003538104
1.1567962e+11 -0.034328195 -0.27945035
1.3703428e+12 -0.086681227 -0.059642588
2.0148145e+11 0.22700048 0.12272143
1.0971497e+11 -0.28852298 0.094964039
4.9671497e+11 0.1864982 -0.036709158
7.5983606e+11 0.11442256 0.12304794
6.5890254e+10 0.076185035 -0.30009621
1.4001333e+11 0.18631866 0.21437802
6.5292831e+11 0.092347881 0.1583538
1.6674891e+11 0.24635943 -0.084898396
1.2450385e+11 0.2764622 0.058988888
7.5579417e+11 -0.041250802 -0.15122882
1.3470968e+11 -0.065367576 0.28735855
1.2968541e+12 -0.08992002 -0.06565167
6.3904461e+11 -0.093880132 -0.14605978
1.0748027e+12 -0.018686671 0.14336632
3.431668e+11 -0.069275137 0.22691922
6.5842926e+10 -0.037638154 -0.30942009
1.6090381e+11 0.055819729 -0.25475102
7.7623956e+10 -0.22957385 -0.20870154
2.9891891e+11 -0.23209114 -0.052406217
7.3830611e+11 -0.13380169 -0.098273584
1.614058e+11 0.26345739 -0.024182406
5.5242308e+11 -0.18337756 0.0826846
1.7716761e+11 0.14292391 0.23172224
3.7859993e+11 0.07183992 -0.19314765
1.2404359e+12 -0.12458525 0.014218875
3.0972193e+11 -0.10417602 -0.19968127
4.1841895e+11 0.072269022 -0.18544268
1.7708758e+11 0.24076047 0.11072553
7.5428945e+11 0.067217949 0.15915406
4.6135916e+11 -0.096912674 -0.17254305
1.7501727e+12 0.008625889 0.082421379
4.7187853e+11 -0.2070468 0.040359487
8.6219428e+10 0.12459261 0.28860205
1.0802071e+12 -0.11909373 0.081019955
2.4090942e+11 0.045188412 0.25336433
1.1386591e+12 0.11356744 0.05243251
1.5206658e+12 -0.099766619 0.019687664
2.7456209e+11 0.14890824 0.19318658
1.7769399e+12 -0.018211372 -0.059046581
2.0159231e+11 -0.10587129 0.25009808
5.4794809e+11 0.18456097 0.020890621
1.868945e+11 0.22096062 -0.12249282
7.4821301e+10 0.29872509 0.087029692
6.3252283e+11 -0.11706717 0.1532459
4.809971e+11 -0.096656021 -0.16926263
2.0870271e+12 0.0033901327 -0.025033822
9.7091454e+11 -0.12685699 -0.066670173
6.3410836e+11 0.14469923 0.10830503
4.6978498e+11 0.022065229 0.21170672
7.4842503e+11 0.087919148 -0.12630678
4.521239e+11 0.06399554 -0.18266858
9.5958576e+11 -0.06370387 0.14318391
1.0582651e+11 -0.26777505 -0.12889615
2.5813492e+11 -0.01626192 0.25429018
2.1638833e+11 0.24627711 0.041118935
1.5449812e+12 -0.091364533 0.045207203
1.2932221e+11 0.27837628 0.0053658288
1.1811791e+11 0.15135088 -0.23287991
1.4197272e+11 -0.084990634 0.27933429
8.4941892e+10 0.27783683 -0.10775994
8.1740491e+11 -0.093106143 -0.12241707
1.8530886e+12 0.041324568 0.052409716
5.9684672e+11 -0.10427395 0.16774534
1.3400596e+11 0.2468188 -0.11543742
2.1314954e+12 -0.036581047 0.0049313421
1.0705863e+11 -0.21573437 -0.19813081
1.2585872e+11 -0.22933162 0.19115948
4.8835004e+11 0.17945212 0.084327561
5.0903359e+11 0.18333979 -0.041604141
1.4750512e+12 -0.036371582 -0.082174808
2.3025555e+11 -0.12565506 -0.21017359
4.2667568e+11 0.046738684 -0.19243306
1.0829844e+12 -0.12735976 -0.043336354
2.4868138e+11 -0.19970828 -0.14170898
6.5091138e+11 -0.18388242 -0.0042839304
9.1726136e+11 -0.053471549 -0.13009369
1.7803202e+12 -0.059322636 0.057507441
1.4323839e+11 -0.26710922 0.11133251
2.7020691e+11 0.064354319 -0.2195334
1.9961211e+11 0.23846506 0.096441971
3.6957993e+11 0.087923864 -0.18804471
1.1068127e+11 0.26976066 -0.088908508
7.1858988e+10 -0.12409948 -0.28371089
9.002124e+10 -0.10432569 -0.27832483
4.5489879e+11 -0.19507986 0.092181872
1.1923523e+11 -0.20067676 0.2257834
8.4286446e+11 0.057380364 -0.1317101
8.1811344e+10 0.27938139 -0.10923557
1.7800686e+12 0.043430134 0.060379199
1.0533998e+11 0.28205437 -0.056902731
7.2524475e+10 0.24358631 -0.18316632
5.0417687e+11 0.14480151 0.13791466
5.8583408e+11 0.10534398 0.15966542
3.6321697e+11 -0.052409738 0.22715894
1.1371875e+12 0.044206085 -0.10610726
3.3691308e+11 0.085536449 -0.19608818
1.4669222e+11 0.26834935 0.050592137
6.0008942e+11 -0.13909929 0.13909041
5.3968378e+11 -0.19642156 0.043411778
4.4370162e+11 0.15209571 -0.12242795
4.381223e+11 -0.19394191 -0.079554939
1.0544302e+11 0.12843705 -0.25338957
7.7284978e+10 -0.25424228 -0.18075912
9.2665375e+10 -0.10363352 -0.27691594
7.8098994e+11 -0.032969735 0.17140332
8.0879268e+11 0.077683064 0.14642222
1.2430692e+12 -0.11444156 -0.036616093
1.8002481e+11 0.12587739 -0.21999701
1.413289e+11 -0.28637683 0.00041551958
1.0448157e+11 -0.29006286 0.099119882
2.0911624e+12 -0.0050349643 0.047364319
1.211315e+11 0.069833207 -0.26795152
2.9382543e+11 0.16130447 -0.15430386
4.2185308e+11 0.19091618 0.08403692
9.5948324e+11 0.1033005 0.10405634
1.0469773e+12 -0.098268849 -0.089336538
2.3315569e+11 -0.21746744 0.14531401
2.5027336e+11 -0.19297436 0.17085725
2.0712316e+12 -0.03797686 -0.012876451
1.1009701e+11 -0.30052051 0.0040656242
7.5149198e+11 0.096676521 0.14077441
2.2005436e+12 0.0061981778 0.021258631
1.6776619e+12 0.036145241 0.078165396
1.2620171e+12 0.019437468 0.12397044
1.6335374e+12 -0.086439019 0.035986088
2.4829871e+11 0.14553906 -0.18294734
5.1452086e+11 -0.022036202 0.20641245
1.3251583e+11 -0.27878625 -0.068969287
9.836822e+10 0.17823728 -0.22604992
5.9068741e+10 0.21470236 -0.2302075
1.7642419e+11 -0.079866619 0.26762859
3.3710594e+11 0.12044964 -0.17659867
3.3322142e+11 0.19708524 -0.08953488
1.5178425e+11 -0.20395287 0.20361792
1.2363759e+12 0.096282314 -0.047889934
1.7184865e+12 -0.013466026 0.086614053
1.2676698e+11 -0.071353418 -0.26819305
2.192887e+11 -0.17150468 0.20389654
2.4545713e+11 0.059683098 0.24858501
1.1237145e+12 0.11858946 -0.018539365
3.2974656e+11 0.20923462 -0.061843141
3.6953087e+11 -0.21270296 -0.065994498
5.8957281e+11 0.10255656 -0.13973804
9.2667804e+11 -0.1387512 0.076173493
4.2860385e+11 0.19998425 0.045854842
1.6151205e+11 -0.18416787 -0.19568953
1.0040151e+12 -0.12742155 -0.059586714
1.4310501e+11 -0.12282339 0.26476393
3.8964338e+11 -0.21196623 -0.057018783
1.5252754e+11 0.23665049 -0.11896187
4.263122e+11 0.02297233 0.21865481
1.376847e+11 0.22902174 -0.14343364
1.019223e+11 0.13612537 -0.25142802
3.0954929e+11 0.026201166 -0.21901886
9.1495085e+11 0.13507152 0.055572019
1.4016922e+12 -0.044770655 -0.085922959
5.1218759e+11 -0.045993462 -0.18193415
4.2747828e+11 0.18682563 -0.070473756
3.401424e+11 -0.2112404 -0.084152634
4.3555236e+11 0.0061178987 0.21883245
2.7140689e+11 0.20597003 0.12311573
7.0999774e+11 0.16353505 0.025773398
3.412386e+11 -0.067495167 0.22782261
1.7300852e+11 0.24964092 0.08988579
8.9072437e+11 -0.074477879 0.14579013
7.5660112e+10 0.25897482 -0.15733401
3.734001e+11 0.19349804 -0.078934606
3.1849337e+11 0.21326973 -0.056861033
7.6186606e+11 0.1331629 0.098184039
2.2189326e+11 -0.25602584 -0.032456077
2.2035439e+11 -0.018942537 -0.24275299
8.8599495e+11 -0.13922249 0.084182246
2.5723266e+11 -0.059210611 0.24897352
3.1579078e+11 -0.22078678 -0.074544639
4.215414e+11 -0.072884285 0.21087826
6.390263e+11 -0.18572674 0.00079459068
2.1626757e+12 -0.0075009379 -0.014298071
2.9807764e+11 0.0103066 0.24457131
1.6695573e+11 0.23375138 0.1343786
1.2340512e+11 0.15009019 -0.23077663
2.2104778e+11 0.17254177 0.18995559
4.4286504e+11 -0.035826853 0.215965
1.2620979e+11 0.24586993 -0.12466956
1.3778603e+12 -0.031634531 0.1137959
4.024146e+11 0.075459416 0.20845482
1.5068443e+11 0.079696499 -0.25199881
1.3968513e+11 -0.10158959 0.27491281
9.1337127e+10 0.12808097 -0.26230242
1.1498166e+11 -0.10874198 -0.2625646
1.4154745e+11 0.13995118 -0.22798155
1.9063907e+12 0.032722878 0.053630625
1.0671653e+11 0.27465121 0.10202271
1.0685331e+11 0.24443612 -0.14565229
6.0425195e+11 0.044809041 -0.16593423
1.8382097e+12 -0.050272714 -0.037272776
9.4006034e+11 0.13536752 -0.023709419
1.4373959e+12 -0.001291475 -0.089981273
1.675859e+11 -0.093557939 0.26653528
2.9892097e+11 -0.18510095 0.16245546
1.4454582e+12 0.090792652 0.033893595
5.6622341e+11 0.15269373 -0.09093221
6.5427271e+11 -0.085371953 -0.14839752
5.0674021e+11 -0.050074158 -0.18187111
1.060017e+11 -0.07401952 -0.2777892
1.0620363e+11 0.17257812 -0.225129
1.9965666e+11 0.24293264 -0.06107209
7.5386295e+10 -0.21647713 -0.22334835
9.3296443e+11 0.12825413 0.06871727
9.4077338e+11 0.10936278 -0.078062428
1.3484516e+11 -0.17705071 0.23633135
1.1883312e+12 -0.12898501 0.019503662
1.0603827e+11 0.0095739861 0.30642727
4.854317e+11 -0.0087522178 0.21133304
1.5837355e+12 -0.050609797 0.087131621
1.9605381e+12 0.020974009 0.05541405
1.968539e+11 -0.26517355 -0.020594421
2.6757403e+11 -0.067465764 0.24440044
9.1678453e+11 0.0374973 -0.13108824
1.5415369e+12 -0.04311056 0.095019336
1.2768781e+12 0.099126488 -0.034041367
5.5102925e+11 -0.1579359 -0.10578917
9.4397213e+10 -0.29950248 0.086047247
2.9855628e+11 0.20692608 0.10708062
2.8537885e+11 0.18615297 -0.12768095
7.6922246e+11 0.15505698 -0.017121353
9.2098148e+10 -0.30943198 -0.01231031
9.6516624e+11 0.13581257 0.029096302
1.7278476e+11 0.057198821 -0.25010592
1.6397556e+12 0.026217377 -0.065711706
3.2576173e+11 0.200159 0.10797472
3.3600736e+11 0.011875283 0.23647116
1.0278519e+11 0.27583867 -0.083786579
2.0483454e+12 -0.020290599 0.050783238
9.8488502e+11 0.035843912 0.14596383
2.243326e+11 -0.25728453 0.040902969
9.3685505e+10 0.29079705 0.067591277
1.9854496e+11 -0.26579741 -0.0090439545
4.6622012e+11 0.16892758 -0.09231931
1.5817497e+12 0.060365732 0.068276274
1.434866e+12 -0.10748713 0.016145896
5.4914967e+11 0.1845412 0.0038012986
2.4175795e+11 -0.17354264 -0.17244008
3.7807907e+11 0.20745143 0.053884567
3.2478326e+11 0.19555438 -0.096321649
2.0203593e+11 0.040538642 -0.24407989
8.3738459e+11 -0.062769701 -0.13553251
2.2951299e+11 -0.10478136 -0.22045565
1.063826e+11 -0.29319898 0.084446763
6.3810414e+11 -0.080051922 0.17464395
9.8785482e+10 -0.19970999 -0.21883156
1.9401815e+12 -0.027460324 0.061311179
9.9140799e+10 0.11096879 -0.26529223
5.6190082e+11 -0.18643497 -0.0489743
7.3299382e+11 -0.013033102 -0.15739044
2.6466007e+11 -0.21914306 -0.10508646
1.2560773e+11 -0.021849076 -0.27576895
1.277509e+11 0.27750968 -0.019645209
6.5165287e+11 0.0068581312 -0.16672001
1.2987353e+12 0.067987761 0.09551484
1.0311077e+11 0.29012097 0.033507438
2.4077762e+11 0.060216833 -0.22839224
1.1010885e+11 -0.29752277 0.053265652
1.0566466e+12 0.11898782 0.059717434
4.6391299e+11 0.17754436 0.09816519
3.0683286e+11 -0.21120546 0.12121946
1.8926655e+11 -0.17674799 -0.18966287
3.2195409e+11 0.065634126 -0.20707167
3.0228686e+11 0.17335067 -0.13814377
1.453787e+12 -0.077092408 0.080888948
1.584921e+11 0.21484579 0.17098002
3.1166564e+11 -0.20780051 0.12523576
7.7270172e+11 -0.13245041 0.1154515
9.0454369e+11 -0.15361422 0.038824859
3.710389e+11 -0.22612386 0.0029762245
2.048645e+12 0.020620384 -0.021504995
1.0236725e+12 0.114508 0.076759813
9.4015788e+11 0.071395448 -0.11287389
3.3186386e+11 0.1182413 -0.17934393
7.3606246e+11 0.10360514 0.13729042
2.8470884e+11 0.17524918 0.16329827
1.3796638e+11 -0.28778233 0.0012165315
4.0869694e+11 0.016644144 0.22246787
1.6684015e+11 0.20037129 0.18465601
2.0127823e+11 -0.070584247 0.26193687
6.8080547e+11 -0.11660301 -0.12445219
1.5074848e+12 0.015177043 -0.081507477
3.2555793e+11 0.21647719 0.060325913
2.1691079e+12 0.0012341549 -0.011733597
2.2306775e+11 0.083296581 -0.2258093
1.9169817e+11 0.13385975 0.23203138
1.4492747e+12 -0.10634357 0.008145822
4.3102018e+11 -0.011470177 0.21991733
1.3027953e+11 0.14440416 0.25200525
1.7381295e+11 -0.25972835 -0.077007267
1.3087657e+12 0.098784064 0.048680545
9.1141265e+11 -0.15421077 0.030824038
5.2176717e+11 -0.19992452 -0.015800919
1.5138204e+11 0.26356932 -0.045935674
4.1790364e+11 0.099702635 -0.17211957
1.6228774e+11 0.17208831 0.2157803
1.322765e+11 -0.28865179 -0.020072899
2.0120207e+12 0.03847531 0.02278402
1.6300837e+11 -0.27826428 0.0060054103
1.7535347e+11 0.082376611 0.26295609
7.6765542e+10 0.19816593 -0.22680895
1.5712547e+11 -0.0060651291 -0.26335876
9.2947989e+11 -0.14912538 0.047390581
7.4418506e+11 0.12381274 -0.093446065
2.1959838e+11 0.16328921 -0.17802133
1.7413471e+12 0.058619905 -0.024279949
8.877153e+11 -0.021377091 -0.14000534
4.3084677e+11 0.031818068 0.2164324
1.0153741e+12 -0.058418832 -0.11799162
4.1917849e+11 0.039232458 0.21690838
1.3636277e+11 4.5609893e-05 0.29274512
1.775086e+12 -0.069799471 -0.021371428
1.9427775e+12 0.013655806 0.061245598
4.0160135e+11 -0.14579573 0.17360933
1.6763616e+12 0.00034180027 -0.068892696
1.4716207e+12 -0.084604424 -0.04829272
1.5743127e+11 0.24970469 0.10682428
1.1996005e+11 -0.1004306 -0.26304299
8.2986677e+10 -0.27091816 -0.14983782
3.2839983e+11 -0.016182307 -0.21719027
1.0460714e+11 0.02710342 -0.28444668
1.9957632e+11 -0.16429989 -0.19559737
2.155632e+11 -0.16484491 -0.18920369
2.5998152e+11 -0.19443137 -0.14376643
1.7436448e+11 -0.27422018 0.0028402822
3.3155637e+11 0.071899912 0.22411915
1.5078365e+11 0.049834457 -0.25995274
2.3712499e+11 -0.044399423 0.25696261
8.2447622e+11 -0.11865949 -0.10064973
1.3903706e+11 0.012489433 -0.26978275
2.9522312e+11 -0.12297571 -0.19351086
1.6943851e+12 0.046536397 0.068278933
4.2657881e+11 -0.17475846 -0.11486287
5.6758173e+11 0.17770455 0.0513437
1.586581e+11 -0.15486856 -0.21893173
4.2989718e+11 0.18866334 0.086187891
5.5324787e+11 -0.062675863 0.19310077
8.702102e+11 0.065131974 -0.124727
1.3807765e+12 -0.1008721 0.058678339
1.7723926e+11 0.020924841 0.27615219
3.1006497e+11 0.20301094 -0.088296125
1.5123868e+12 -0.086159151 0.061461745
7.2963136e+11 0.16039002 -0.011958345
7.1483706e+11 -0.062144775 0.17175392
1.8040375e+12 0.015348383 -0.053845175
1.182914e+11 -0.27769299 -0.092254077
8.2017939e+10 0.13212552 -0.26670935
4.0583522e+11 0.0018964398 0.22407021
1.4997233e+12 -0.0062805417 -0.08470946
5.4961579e+11 -0.19483074 0.044436977
1.7243542e+11 0.25876228 -0.029666143
1.6006691e+11 -0.11600275 -0.23927783
1.4148603e+11 0.1684681 0.22915716
2.0298404e+12 0.031622215 -0.012082105
8.2470346e+11 -0.097544579 -0.1184626
1.8924155e+11 -0.071213133 0.26562057
6.4086853e+10 0.14487718 -0.27461328
1.55377e+11 -0.19855823 -0.18553097
3.0105415e+11 -0.014042681 -0.22304761
1.1478487e+12 0.096037423 0.084464172
1.440119e+11 0.13333891 -0.23077861
1.9864064e+12 0.042917182 0.0081439817
8.1387221e+10 0.18030935 0.25845229
1.2876424e+11 0.21027077 -0.17481347
4.8346518e+11 0.13965556 -0.12702655
9.2884204e+10 -0.092498958 -0.2803167
3.0087944e+11 -0.052190415 -0.21868699
8.0157895e+11 -0.16479514 -0.016129954
1.2419769e+11 -0.059244671 -0.27191533
1.7765626e+11 -0.14730428 -0.2158423
1.16762e+12 0.047802119 -0.10140194
9.6954176e+11 0.045756321 0.14404971
2.208213e+11 0.069697149 -0.23120102
4.6852415e+11 0.014620724 -0.1914454
8.6396916e+10 0.036639267 -0.29365822
1.2420355e+12 0.024209064 0.12459936
6.2290473e+10 -0.064572043 -0.30852307
6.2123474e+11 -0.14235239 -0.10997391
5.5194476e+11 -0.14496455 0.14234457
3.724859e+11 -0.22436427 -0.015881598
1.054388e+11 0.17559533 -0.22330486
3.2300086e+11 -0.23211563 0.051000697
4.5507983e+11 -0.17682401 0.12553198
7.0220171e+10 -0.23212345 -0.21357107
6.0535935e+11 0.15195225 -0.08214699
6.0808121e+10 0.026859759 -0.31332096
5.8303263e+11 0.17079744 -0.047370304
7.5659052e+11 0.013559168 -0.15360723
1.2146074e+11 0.23071226 0.17485207
1.9690129e+11 -0.20767577 0.17642924
2.1687568e+11 -0.25613429 -0.03953315
1.1095025e+11 0.12418932 -0.25239328
2.1790975e+12 0.0087065471 -0.0046806301
5.1929837e+11 -0.11668735 -0.15087423
1.2239297e+12 0.080891726 -0.070725128
3.1749307e+11 -0.00984146 0.24099947
4.998578e+11 0.12262187 -0.13990359
1.508163e+11 0.12363322 -0.23313931
4.9037623e+11 0.13834403 -0.12688857
5.2126033e+11 -0.13882565 0.15447385
3.8749235e+11 0.088844946 -0.18395835
1.6152958e+11 -0.084817231 -0.25020118
1.8164223e+12 0.059654013 0.00069551612
1.3070618e+12 -0.10341386 0.067448808
1.0728919e+12 0.059959757 -0.10482113
5.520669e+11 0.016400114 0.20028366
1.81675e+12 -0.036387718 -0.049246906
1.2696163e+11 0.27928715 0.020653404
7.2755676e+11 -0.16441548 0.070637314
4.1511842e+11 0.20441233 0.029237087
1.2778647e+11 0.035180187 0.29342197
1.4146897e+12 -0.0062943657 0.11358997
2.831844e+11 0.002333395 -0.22700722
2.0583153e+12 -0.0086201706 -0.030172108
6.4127568e+11 0.13998086 0.11370533
1.198434e+12 0.10174183 -0.044918804
3.1867163e+11 0.15322688 0.17609425
1.0112155e+12 0.0019248032 0.14967507
2.7878021e+11 -0.056902957 0.24419676
8.2878561e+11 -0.14221328 0.091018685
1.3114404e+11 -0.29020454 -0.0079699087
9.2655702e+11 0.059264248 -0.12127481
1.2138847e+11 -0.20164051 0.22355521
7.7412297e+11 0.11838323 -0.094757355
9.1111045e+10 0.072765766 -0.28334818
6.0569537e+11 0.11877901 0.14497997
2.1689388e+12 -0.029553032 0.017368814
1.5696539e+11 -0.20931181 0.1950906
1.5257437e+11 -0.23378699 -0.1452026
6.2785508e+10 -0.015402893 -0.31326377
3.4919852e+11 0.18185628 0.13146478
3.86072e+11 -0.084321685 -0.19188432
2.1003031e+12 0.02111686 -0.011078945
1.1066817e+11 0.28254796 -0.041051079
7.2146729e+11 -0.10031773 0.15203545
2.1965889e+12 -0.00029366068 0.027236921
1.2309423e+12 0.092490377 0.076435978
6.0428023e+10 0.15174964 -0.2742995
1.2084122e+12 -0.082794206 0.10468602
1.8970006e+11 0.23795766 0.10665331
1.0647319e+11 0.13085202 -0.25153593
1.837126e+11 -0.05994527 0.27002708
1.7495247e+12 0.016197047 -0.05892575
1.7103288e+11 0.21951074 0.15622178
4.692531e+11 -0.14128348 -0.14119416
2.1892783e+11 -0.25500523 0.063818726
6.7709276e+11 -0.019696004 0.1850495
6.4875758e+11 0.12481057 0.13110981
1.1142069e+11 -0.19104569 0.23895881
8.5447263e+11 -0.15745248 -0.024036724
1.0652602e+12 0.12657023 0.025490709
1.9449755e+12 -0.0068949258 0.06493456
6.7579079e+11 0.083793938 0.16048888
8.4272064e+11 -0.16024606 0.038184195
2.8307026e+11 0.23096923 0.019627177
4.0155365e+11 0.1768916 0.12118554
1.2010834e+11 0.20845221 0.20405051
2.0617652e+12 0.027068392 -0.011813625
1.2999794e+11 -0.26966794 0.11981153
6.5430529e+11 0.084766154 -0.14158747
1.6562008e+12 0.027455797 -0.063563799
6.3503878e+10 0.30760558 -0.065343403
1.9529225e+11 0.1619887 0.20994834
1.3377824e+11 0.27363797 0.050830998
9.0012942e+10 -0.13761744 -0.26479487
4.1563991e+11 0.12151122 -0.15801937
1.0803534e+11 0.27841683 -0.065714888
1.5273027e+11 0.093879144 0.26731036
1.1228237e+12 0.045674247 -0.10690087
2.5700241e+11 -0.2436562 -0.046737548
5.5744359e+11 -0.08858117 0.18237504
1.910986e+11 -0.26679396 -0.022076962
8.5795739e+11 0.13905369 -0.040712271
5.0366097e+11 0.10825475 0.17180687
9.0392191e+11 -0.060882772 0.15036124
1.1027171e+12 -0.061946073 -0.10748007
1.1098316e+11 -0.23473117 -0.17402702
5.2484687e+11 -0.18113964 0.097145114
4.4998251e+11 0.10508481 -0.16260437
1.7374826e+11 0.022638163 -0.2558615
7.0746172e+10 0.29668336 -0.083971799
1.2766638e+12 0.107072 0.026952302
1.6569214e+11 -0.27420099 0.052047662
2.6509917e+11 0.011743777 -0.23074062
4.4520046e+11 -0.19570887 0.094631039
2.6007548e+11 -0.055349299 -0.22767866
8.3341053e+10 0.11632712 -0.27314738
4.0436164e+11 -0.046658129 0.22071954
7.9610888e+10 -0.17721909 -0.24997477
5.7475527e+10 0.15496333 -0.27541718
6.4054353e+10 0.25153512 -0.18333674
1.3487627e+12 0.085922637 0.067450115
1.5016448e+12 0.086086072 -0.011152724
9.7254771e+10 0.26671085 0.13625614
5.8321016e+10 0.21489855 -0.23090645
1.1169681e+11 -0.063882559 0.29837744
6.8620458e+10 0.29425804 -0.09626338
1.632889e+12 -0.070676204 -0.043187632
6.9095564e+10 0.046863955 -0.30396536
4.3885766e+11 0.16859814 -0.10124755
1.8248702e+11 -0.17508993 0.21544046
1.4039451e+11 -0.26738489 0.11378736
1.9760102e+11 -0.26636419 0.026728937
8.4729307e+11 -0.039154122 0.16295961
1.8663072e+11 -0.16050952 0.22496678
2.3137647e+11 0.14440082 0.21070756
1.2453911e+11 0.013202041 0.29726343
1.3990555e+11 -0.25453455 0.14217786
3.7522924e+11 -0.22496388 -0.0043361981
6.6979632e+10 0.31387632 0.013836323
1.3034753e+11 0.26386447 0.099170528
1.5017342e+12 -0.0042839476 -0.084508287
8.1188311e+11 0.15109595 -0.012208732
2.0602107e+11 -0.046096832 0.26549206
8.338861e+10 0.29377363 -0.062097335
6.2891546e+11 -0.10124378 -0.14322189
8.7151419e+11 0.024578947 0.16064376
2.5140177e+11 -0.24937192 -0.024585516
7.3508237e+11 -0.076800192 0.16335124
7.980512e+10 0.24773462 -0.16910967
1.963197e+11 0.00011312892 -0.2500456
8.8308383e+11 -0.13325944 0.094602523
2.0527102e+12 -0.045553255 0.025695313
4.8048564e+11 -0.20784177 0.0068273249
3.8841453e+11 -0.20784834 0.09067089
1.5716824e+12 -0.095550209 0.016704936
1.065989e+12 0.046612123 0.13369458
2.8485932e+11 0.21852222 0.085835021
7.3170975e+10 -0.10101638 -0.290946
1.3429363e+11 0.22965182 -0.145063
4.6100961e+11 0.06151846 -0.18205716
1.6812828e+12 -0.012206209 -0.06854884
1.9928197e+11 -0.26585772 0.026601844
7.5363758e+10 0.27346904 -0.13227627
5.5449288e+11 -0.004258103 -0.17991883
1.4964658e+11 0.1744891 0.21994054
3.5221011e+11 -0.19932862 0.12349955
1.8649243e+11 -0.1880377 -0.18070748
8.9396312e+10 0.17422952 0.25675614
2.8951208e+11 0.22345288 -0.043236031
1.654115e+11 -0.21827691 0.17984898
6.4775269e+10 -0.099678135 -0.29796801
1.7519958e+11 0.18948105 0.19263532
1.9564657e+11 -0.068698003 0.26418003
2.1872133e+12 -0.012595604 0.029815165
1.5423618e+12 0.056167428 -0.05615289
3.2454431e+11 -0.12342798 0.20750355
3.979133e+11 -0.099861137 0.20434795
1.7594492e+12 -0.024251917 0.080991076
8.1351511e+11 0.11706124 0.1109905
1.8333007e+11 -0.24526231 0.12549626
1.1834276e+11 -0.22806472 -0.176503
1.9460158e+12 0.042868238 -0.010928083
5.9691481e+11 -0.072037372 0.1836739
5.3378613e+11 0.16547879 -0.077694682
4.816104e+11 0.12215717 -0.14390449
1.0238826e+12 0.076341125 0.12096311
5.9123807e+10 0.28091342 -0.14503798
3.1216089e+11 0.21562955 -0.053607792
5.3247896e+11 -0.16500303 -0.10057549
1.4656609e+11 -0.15009627 0.24881614
1.9462815e+12 -0.046555491 0.047121943
6.5864746e+10 0.12147117 -0.28434035
1.5479506e+11 -0.030052613 0.28453889
4.9303945e+11 0.15404238 -0.10747553
2.6820481e+11 -0.031994027 -0.22932259
1.6286715e+11 -0.047600454 0.27947097
1.8315489e+12 -0.018199351 -0.053796155
9.074526e+10 -0.30881155 0.048250743
8.5501854e+10 0.037090297 -0.29415527
1.0217087e+12 0.13118058 0.001158721
4.0868311e+11 0.19148693 0.088827111
9.9566027e+10 -0.019088556 -0.28877746
8.8054344e+11 0.094676825 0.12427026
6.8750003e+10 0.3097233 0.052929546
1.5060954e+12 -0.0057989846 -0.084153381
3.644375e+11 0.20857353 0.060651109
2.1598299e+12 0.019019355 0.011503766
1.1783649e+11 0.2173485 0.1953434
1.3547863e+12 0.03921963 -0.087109146
1.3560123e+11 0.031448443 -0.26929344
7.5489484e+11 -0.032867724 -0.15290808
4.9726491e+11 0.028148643 0.20649045
8.4933039e+10 0.15059679 -0.25450286
1.2119004e+12 -0.098166148 -0.067692926
9.4574866e+11 -0.15192729 0.018241361
1.4932703e+11 -0.1148278 -0.24418427
1.3922367e+11 0.26975638 -0.039360008
1.4583104e+11 -0.22753939 0.17989145
3.5687993e+11 -0.1136181 0.20572393
4.4217134e+11 -0.082334045 -0.18235808
9.0494659e+10 0.28138978 -0.088885757
8.504482e+10 0.15338585 -0.25274478
7.5546545e+11 -0.12029734 -0.10964153
7.5370434e+11 -0.044545215 -0.15072814
6.6058908e+11 0.16691378 0.044260572
6.0208475e+10 0.1759589 -0.25962857
2.1447053e+11 0.10790971 -0.21762845
1.5739081e+12 -0.074548883 0.068226917
1.608826e+12 -0.05526823 -0.060021714
2.3864934e+11 -0.24218664 0.090320921
7.8118732e+11 0.066054896 -0.1349762
6.7446574e+11 0.11227903 0.13924598
7.28869e+11 -0.13775137 0.11681345
1.0605926e+12 0.12428219 0.041396158
9.5042877e+10 0.23052463 0.19777197
1.0345636e+12 0.12931392 0.02701194
9.1907233e+10 -0.29098998 0.11783176
1.0812376e+11 -0.22673661 0.20724864
1.1042057e+11 0.21958596 -0.17707147
1.1420506e+11 0.27528191 0.08676957
1.9150994e+11 0.25074295 -0.039310834
2.1109729e+11 0.10477096 -0.22025987
2.033533e+12 -0.049242888 0.021983681
2.9338819e+11 0.1979028 -0.10600438
2.6202388e+11 -0.24872877 0.027656458
1.4321074e+12 -0.0073686193 0.11207745
1.5254329e+12 -0.048831643 0.093875638
1.8290768e+11 0.11561612 -0.22453265
1.0339246e+11 -0.033384303 -0.28576064
4.2371892e+11 -0.043790651 0.21788692
1.1798293e+11 -0.080084739 0.29153596
7.7141097e+10 -0.060486686 -0.29798537
3.2899937e+11 0.18201681 -0.1171969
1.9807897e+11 0.22458615 -0.10861541
6.0300778e+11 0.1476327 -0.089731714
7.2997905e+10 0.30658329 0.05291762
2.2712861e+11 -0.22919546 0.12838673
6.3406627e+11 0.00014579925 0.1907198
1.2008542e+11 -0.28864106 0.074751242
1.767234e+11 0.2079364 0.16957624
2.256954e+11 -0.18644221 0.18753419
1.1344629e+11 -0.23411872 0.19445548
7.6113223e+11 0.039311818 -0.1478168
4.3881994e+11 -0.13329298 -0.1541049
1.486022e+11 0.11160175 -0.24014841
1.9665708e+11 -0.16588915 -0.19550074
4.4224419e+11 0.20067515 0.014471297
2.41823e+11 -0.17140662 0.19590015
7.4029739e+10 0.089719989 -0.28982196
7.3021117e+10 0.30473369 -0.043654842
1.6943431e+12 -0.072213597 -0.031934264
9.3361421e+11 0.091862866 -0.098138099
7.9933514e+11 -0.063101777 0.16128858
4.7025858e+11 0.080903966 -0.17245246
1.1429886e+12 -0.015921861 -0.11579005
1.3759549e+12 -0.040394599 0.11143918
1.1700628e+11 -0.093393437 0.28819878
2.060258e+12 -0.047328289 0.010062217
9.1742285e+10 0.046443046 0.31005496
2.1309881e+12 -0.037002334 0.0070564698
1.5323896e+11 0.20431351 0.18768193
6.8831207e+11 -0.02411929 0.18330633
8.8307572e+10 0.29537935 0.059918335
1.2754308e+11 -0.27170519 0.11766912
3.4997223e+11 0.17880488 -0.11450092
1.9803355e+11 0.090421069 -0.23085813
4.7720596e+11 0.095249929 0.18497694
1.3209142e+11 0.27066387 -0.050097401
2.4865021e+11 -0.036938027 0.25498362
1.1070843e+12 -0.064863556 -0.10561446
1.4727265e+11 0.027415015 -0.2650414
3.8303784e+11 0.0041004706 -0.20664023
1.7322598e+12 -0.073796531 0.043808128
3.7629916e+11 0.11945089 -0.16815652
5.173671e+11 -0.0071067156 -0.18519398
5.879002e+11 0.055429477 0.18615345
8.9956078e+10 -0.29931943 -0.074787475
2.974736e+11 -0.13546373 0.20677294
7.9415962e+11 0.043583009 0.16407698
7.515258e+10 0.19516759 -0.23082113
1.0118939e+11 -0.081582359 0.29988402
1.8971895e+11 -0.19182685 0.19715673
8.8363931e+11 -0.1457464 -0.049872283
6.7150675e+10 -0.19244273 -0.25031688
4.7033395e+11 -0.18416465 0.10892769
1.0435669e+12 0.12854566 0.026226536
6.9194823e+10 0.3101847 -0.025354582
4.1189256e+11 0.1543843 0.14927779
3.8815603e+11 0.13713625 -0.15138783
5.1025509e+11 -0.15226933 0.14321428
1.0407498e+11 -0.16844703 -0.23850923
1.0328179e+12 -0.018155692 0.14738832
3.6016524e+11 0.21079838 0.054171159
8.7786887e+11 0.038899289 -0.13481732
6.7541737e+11 0.11419892 -0.11589612
1.5232284e+11 0.1603898 0.23007866
2.1547682e+11 -0.25713792 0.058171404
2.613431e+11 0.059630539 0.24446866
1.3183587e+11 -0.16263989 -0.22657461
5.7467282e+11 -0.192258 0.038949418
2.8493028e+11 0.15843415 0.18128858
8.7128501e+10 -0.30221761 -0.070835515
7.1831681e+11 -0.17640294 0.0075662595
3.879717e+11 -0.21138909 -0.059669312
9.1201234e+10 0.057077713 0.30829597
2.823222e+11 0.15893619 0.18163279
3.0248424e+11 0.1884711 0.138896
6.5990547e+10 0.18566606 -0.24695394
4.0227168e+11 -0.074218631 -0.19246011
1.9935534e+11 -0.25161705 0.097002682
5.0061103e+11 -0.15471017 -0.12103971
1.0736919e+11 -0.28651598 -0.083510814
1.9267361e+12 0.0291066 -0.032463948
1.264157e+12 0.10006624 -0.034702574
1.7425254e+12 -0.023535989 -0.061219637
2.2074496e+12 0.0045014441 0.0014896763
1.1110028e+11 0.26915787 -0.089960476
1.4187988e+11 -0.21674789 0.19552859
5.3977573e+11 -0.1863744 0.079909389
7.9538694e+11 -0.15465585 -0.052837165
3.1761776e+11 0.036466856 0.23691848
1.5164052e+12 0.032976654 -0.074528385
3.4661149e+11 0.027891103 0.23245571
1.883445e+12 -0.063563781 -0.0095138394
9.8337126e+10 0.29006019 -0.035298485
1.5348727e+11 0.26859912 0.013961512
1.021238e+11 0.27685949 0.10301389
9.0608154e+10 -0.30762529 0.057377532
9.4740671e+10 -0.2159074 0.22884156
8.1257621e+11 0.049524967 -0.13845277
6.128567e+10 0.29721256 -0.10507047
8.3262277e+11 -0.1438912 0.087272744
1.2349106e+12 0.10228563 0.05756555
1.0051739e+12 0.12430995 -0.038083331
1.5988794e+11 -0.13384139 -0.23073613
1.1519633e+11 -0.091376485 0.28972668
1.2006938e+12 0.081178045 -0.073452084
1.2500511e+12 -0.095890479 -0.065125214
1.180523e+12 0.1063185 0.060504196
3.5695398e+11 0.13514491 0.18203522
8.9888388e+10 0.23009288 -0.18191522
2.1718091e+11 0.061618706 -0.23466919
2.0329525e+12 -0.034695203 0.044875263
1.1350721e+11 -0.14926066 0.26598617
1.0026888e+12 0.12961553 0.042803482
2.1069998e+12 -0.0020124719 0.044818327
6.4261385e+11 -0.03323011 0.18778918
9.0434061e+10 -0.25443508 -0.16651661
1.3263985e+11 -0.16473746 0.246256
3.3042831e+11 0.066721281 0.22619728
1.6969072e+12 0.068141972 0.03326886
2.1422846e+12 -0.035355361 0.011460729
4.0254543e+11 -0.16139433 -0.13703592
1.7617523e+11 0.19895871 0.18133001
2.1934992e+11 -0.21683129 0.1531796
1.040295e+11 -0.093122801 0.29506637
1.3438938e+11 0.20039332 -0.18225298
1.1623768e+11 -0.22034449 0.20833669
4.1893121e+11 -0.21128711 0.062824228
5.7005083e+11 -0.13848371 -0.12381165
1.9003772e+11 0.21318134 0.15444568
1.969538e+12 0.035733755 0.040050769
9.4993017e+10 -0.17701098 -0.23876099
1.1607606e+11 0.11971152 0.27301214
1.1196017e+11 0.16061314 -0.23023784
8.1363262e+11 -0.076895125 -0.132116
6.066032e+11 0.028969412 -0.16947909
1.8413856e+11 -0.24425673 0.12696879
5.9179349e+11 -0.16011491 0.1149611
2.2064615e+11 -0.032572213 0.26298996
1.2421683e+12 0.054522876 -0.090133046
4.1453073e+11 -0.20998931 -0.048746716
6.7366367e+10 0.2817742 -0.12866458
1.5435477e+12 -0.072150148 -0.053217633
3.4534052e+11 -0.20146411 -0.10084226
8.3790019e+11 0.14934672 0.024633295
1.4308974e+11 -0.26158201 0.12478083
2.2541717e+11 0.16332994 -0.17579774
1.2969935e+11 0.0064268045 0.29536457
1.8230049e+11 -0.1948006 0.19756153
2.1149364e+12 -0.039535129 0.0071478852
2.5418105e+11 -0.19748754 -0.14227689
3.3845036e+11 0.015414218 -0.21430624
1.2113956e+12 -0.045837405 0.12488723
1.7449508e+12 -0.070546899 -0.025847508
1.597039e+11 0.2557395 0.085880123
7.6329674e+10 0.086058993 -0.28929322
3.5757956e+11 0.18304521 0.12651745
3.6514881e+11 0.10488046 -0.18000299
6.4205905e+11 -0.17002384 -0.062311213
1.1607609e+11 -0.21437172 -0.19315302
3.5509172e+11 -0.085258087 0.21915473
3.4464878e+11 -0.20176803 -0.10058384
1.3764773e+12 -0.11128828 -0.0064176882
8.7015929e+10 0.21890524 0.21868788
8.0028002e+10 0.30460735 0.0098987271
1.9020927e+11 0.13084494 0.23446885
3.5472913e+11 -7.5631542e-05 0.23346244
1.6193485e+11 0.19437138 0.19416711
2.3398533e+11 -0.22975757 0.12325505
1.558054e+11 0.26617646 -0.018721946
4.4009707e+11 -0.021801584 -0.19651844
3.477739e+11 -0.19409399 0.13359183
1.2016341e+11 -0.27882721 0.10834498
2.9817789e+11 -0.19621011 0.1485878
5.7607985e+11 0.1368184 -0.11029047
1.5665906e+11 -0.14190142 -0.22767229
1.3124226e+11 0.098930491 -0.2534171
7.4094919e+10 -0.15998036 -0.26482977
1.7819952e+12 0.048111008 0.054870662
5.0484272e+11 -0.20099692 0.046391128
1.313619e+12 -0.050292329 -0.091956803
2.8206401e+11 -0.122609 0.2186236
7.8166305e+11 -0.063088899 -0.14186277
1.2668077e+12 -0.1210919 0.027483998
9.2994057e+11 0.13573625 -0.026391048
9.7335543e+11 -0.14415196 -0.027537198
4.8882381e+11 -0.18527662 -0.079107069
2.6412616e+11 -0.078627966 0.24207585
2.1960384e+12 -0.024304292 0.012055949
5.2776077e+11 0.15749501 0.1147627
8.0003864e+10 -0.28647089 -0.12533682
1.3519772e+12 0.100197 0.028252489
9.7461188e+10 -0.28043058 0.13505358
1.6058793e+11 -0.13786032 0.24974544
2.5966071e+11 -0.22956307 0.10822173
2.5717253e+11 0.16391525 -0.16384708
1.7527204e+12 0.045357556 -0.040528638
5.9507028e+11 -0.033014786 -0.17254108
6.4012492e+11 -0.10124894 0.16308681
9.7755535e+10 0.27524753 0.11489309
1.3657608e+11 -0.20477633 -0.18982411
9.3701917e+11 -0.041676864 0.15294562
5.1963234e+11 0.04143793 -0.17888971
3.5763503e+11 0.16733504 -0.12766448
1.7540216e+12 0.061381836 -0.015467601
1.3963379e+11 0.27343169 0.029484541
9.1776227e+11 0.017973803 0.15707574
2.3584267e+11 0.0051792532 -0.23856265
2.7458402e+11 0.18750855 -0.13007088
1.1482827e+11 -0.071171307 0.29526169
1.0209544e+12 0.031974734 0.14349947
7.0731276e+11 0.13198873 -0.08973428
2.0699656e+11 -0.088600115 0.25485001
6.6050752e+11 0.15502015 0.082256976
1.290938e+12 -0.1040929 0.069083229
1.623957e+12 0.063373711 -0.036751436
7.8347502e+10 0.29451238 -0.072410306
3.0736495e+11 -0.14850424 0.19483897
1.5978313e+12 -0.057466801 -0.059651903
1.3769885e+11 -0.074862621 0.28388422
2.0345987e+12 0.01420372 0.049515204
1.7209132e+11 0.11759934 -0.22758894
2.6392969e+11 -0.10568775 -0.21043296
1.7856553e+11 -0.25281534 0.11241083
8.1043199e+10 0.12441107 -0.2711393
1.0716799e+12 0.10728667 0.080199824
8.6216082e+10 -0.22496121 -0.20546485
2.8028213e+11 -0.10086947 0.22978857
1.0559896e+12 -0.1079115 -0.078264395
1.9610669e+11 -0.13325892 -0.21724208
5.0064768e+11 -0.16872597 0.12493655
6.7065681e+11 -0.17577075 -0.035904492
9.1497706e+10 0.27546503 0.12424197
2.0781036e+12 0.02613964 0.030816259
3.0369515e+11 -0.18369923 -0.140899
1.0398076e+11 -0.020310379 -0.28635161
3.3193956e+11 0.08637461 0.21813002
8.0997379e+11 -0.14181933 -0.073940949
4.8994054e+11 -0.10908126 0.18240992
2.052606e+12 0.034681088 0.0048175796
1.326837e+11 -0.041901284 0.29218198
1.2680826e+11 -0.078398105 -0.26643626
1.0597053e+12 -0.083576045 0.12114413
