38995.9 -0.243554 -0.0187144
16730.7 0.245356 0.193735
68383.8 -0.145753 -0.101301
8409.41 -0.0157123 0.309129
17731 0.102245 -0.197849
28074.4 0.0144255 -0.152398
67624.8 0.223911 0.00301355
6268.19 0.0554276 -0.291801
142788 -0.187857 -0.00706428
13823.7 0.129198 -0.228164
440684 -0.148729 0.00715876
58981.6 0.109804 -0.127022
545745 -0.0938819 -0.0475576
186217 -0.158242 0.118804
476684 -0.109879 -0.0437994
81404.2 0.0321885 0.216079
43758.9 0.134731 0.241687
387340 0.10577 -0.0235535
23431.1 -0.0149643 -0.167201
23075.3 0.275445 -0.114921
7057.57 -0.228066 -0.196694
6606.91 0.0653143 -0.283808
84342.8 0.211612 0.0244824
326148 -0.107935 0.144823
33147.1 0.0785136 -0.148921
47146.5 0.225392 0.0728435
40200.5 0.232016 0.0716879
1.07195e+06 0.0326899 0.0140619
184056 -0.157181 0.12114
478593 -0.0650177 -0.0637269
13075.9 -0.0309114 -0.257977
905260 -0.108818 -0.00141883
331660 0.112394 0.0893492
528734 0.0998816 0.0125272
31194.7 -0.141269 0.215875
412680 0.102279 0.0786804
15876.4 -0.30018 -0.0205699
41838.9 0.23184 -0.115208
27667.2 0.212372 0.211429
244793 0.159066 0.0288556
261978 -0.170836 0.052888
181152 -0.0142161 0.187895
45873.7 -0.231237 0.0317744
903175 0.0351268 0.0784652
16404.2 0.299941 -0.0815001
303924 0.145329 0.0123129
196323 0.0877589 0.151454
191462 -0.160651 0.113132
90334.3 -0.0158257 0.215772
13570.4 0.0590678 -0.199686
248528 0.148044 -0.0208387
32940.1 0.247795 -0.121599
41254 -0.172143 -0.107976
8233.36 -0.00457642 0.314021
81157.7 0.189113 -0.0858182
76307.8 0.218942 -0.015885
533441 -0.0975828 0.127896
50964.4 -0.0390028 -0.137927
16149.3 -0.00436339 -0.20798
16020.5 -0.16887 0.217433
92512.5 0.146051 0.177169
39124 -0.224507 -0.0703025
166532 0.0453068 0.17791
10832.4 -0.287455 0.110346
16279 0.0409852 -0.179205
46903.3 -0.184521 0.151278
294214 0.121101 0.0909712
15521.1 0.0779053 -0.195084
38668.7 -0.0603969 -0.147337
462586 -0.0635881 0.14893
59686.9 0.0250379 -0.125885
32637.6 0.208802 -0.158683
8737.23 -0.178023 -0.213293
171449 -0.0340391 -0.101109
146373 -0.188014 -0.00263621
208744 0.109742 0.132646
13918.9 -0.138765 -0.18166
64673 0.159657 -0.120064
12172.4 -0.143256 -0.19411
20512.8 0.0135904 -0.167146
477275 -0.101201 0.131149
15307.7 -0.14495 -0.168636
49902.4 -0.0515129 0.236951
8680.41 0.0516716 -0.263498
155434 0.069356 -0.0874371
47136 -0.229751 -0.0360299
563700 0.0196674 0.125299
35312.3 0.090091 0.259345
110278 0.153395 -0.0844291
24424.7 -0.234171 0.10024
12424.1 0.0513419 -0.21028
115196 0.0262218 0.200471
118531 0.197416 0.00376406
30318.6 -0.247904 0.0366087
121795 0.153336 0.138334
18067.2 0.266238 0.0627312
1.06559e+06 0.0274171 0.0692813
8194.58 -0.0340799 -0.292949
13259.2 -0.09616 0.271433
151029 0.0755803 -0.0875774
41588.1 -0.235817 -0.0412059
366025 0.0934618 0.0996968
14375.5 0.110874 -0.218484
89367 -0.17463 0.133645
7730.3 -0.207846 -0.222854
41273.3 -0.00689476 0.246349
214464 0.0275009 -0.0841694
13791.9 -0.164346 -0.165331
18734.9 0.192423 -0.20662
717171 0.070526 0.0143319
11160 -0.239319 0.156125
226626 -0.0352579 -0.0923906
14177.6 0.0783975 -0.203397
412372 0.120663 0.00622127
25050.2 0.179998 -0.188996
93513.1 0.137901 0.18332
31856.8 0.167897 0.24713
51321.5 0.205965 0.136676
26816.3 0.254827 -0.135244
115270 0.0161723 -0.106971
330183 0.135734 -0.0021617
12209.1 0.214783 -0.226365
650044 -0.0142695 -0.0507229
1.84367e+06 -0.0474352 0.0466034
61834.3 -0.0616417 -0.131089
358780 -0.126107 0.124296
619978 -0.0266494 -0.054844
52482.5 0.237612 -0.0565539
9794.1 -0.107318 -0.265733
49816.7 0.218901 0.0905105
21434.8 -0.0703283 -0.182876
57699.8 -0.191424 0.129317
9574.37 0.29476 0.064273
16614.3 0.29854 -0.0516635
17054.6 0.0646961 0.294823
8009.04 -0.0501934 0.301496
28534.9 -0.258438 -0.0485964
1.29883e+06 -0.0347791 0.0942088
47848.9 -0.040783 -0.140063
11921.9 -0.27909 0.104601
13110.8 0.0331928 -0.208108
134978 0.0878381 -0.0904437
15412.6 -0.242738 -0.120813
359321 -0.0859576 0.152795
39028.9 0.201312 -0.147549
16024.7 0.299772 -0.0966897
27333.4 0.229166 -0.160122
120132 -0.134679 0.167373
48485.2 -0.18548 -0.0918012
10063.1 0.283973 0.0980152
400003 0.125033 0.0131389
11482.2 -0.169392 -0.176737
30903.2 0.140547 -0.172791
13151.4 0.0253727 -0.216123
187224 -0.10183 0.172303
15310.5 -0.0232126 -0.237815
6999.02 -0.0747015 -0.299331
29461.8 -0.0503509 0.255906
79109.2 0.201399 0.0820833
28793 -0.252303 0.0305259
1.07123e+06 0.0162174 -0.00672793
7592.21 -0.288146 -0.123612
232561 0.091007 0.137153
131390 0.115243 -0.0869344
13049.2 -0.187833 0.20603
84316.6 -0.140362 -0.0962529
422869 0.105455 -0.014933
259177 -0.0924933 0.163712
16152.6 0.00534502 -0.194005
231518 0.0830006 0.142272
32496.5 0.25744 -0.104259
14735.2 0.299488 -0.0224374
7175.43 0.0765267 -0.273347
12953.6 -0.0808864 -0.251339
14521.5 -0.294672 0.0356307
21963.7 0.261529 0.0497188
16207.9 0.300705 -0.0706563
1.82898e+06 -0.0370646 0.0278654
202139 -0.137579 -0.0623147
21833.1 -0.268418 0.0299345
11362.2 -0.110891 -0.247869
71504.3 -0.14538 -0.0997777
9102.74 -0.160964 -0.234063
40492.4 -0.00526236 0.247125
289796 -0.05534 -0.083608
20832.5 -0.161638 -0.143465
12398.4 -0.280898 0.0942781
198141 0.102023 -0.0694187
29297.1 0.265203 -0.101421
24365.4 -0.267652 -0.0525681
176434 -0.0636675 -0.0987908
17607.6 -0.233791 0.128159
28610.9 0.118708 0.269585
12382 -0.173477 -0.168301
26431.1 -0.0849471 -0.161239
579012 0.0701009 -0.0156184
1.21165e+06 0.00425337 -0.00472143
507637 0.0881533 0.0731838
9348.11 0.293312 0.0735423
33261.6 -0.236924 0.0601446
76443 0.17421 -0.101881
955514 0.0356455 0.0711509
16157 0.0258573 0.289048
40891.6 0.182265 0.216363
84514.1 0.0855376 -0.110111
73261 0.0839345 -0.115927
466330 -0.036334 0.150832
1.84791e+06 -0.0331481 0.0388289
8311.53 -0.268685 0.164772
456058 0.111586 0.00601526
14359 0.263751 0.129402
11375.6 -0.0233508 -0.269397
8433.78 -0.181409 0.232453
17077.6 -0.270561 -0.0877806
25496.7 0.277885 -0.0766344
10364.9 0.0696761 -0.235276
27825.4 0.243266 0.087305
9199.85 -0.257424 0.159069
845845 -0.115007 0.00203707
28491.4 -0.0836406 -0.157459
133273 0.170733 0.0964854
13073.6 -0.301294 -0.0628931
1.0873e+06 -0.10899 0.0288699
28262.3 -0.120019 -0.145994
677763 0.0724791 0.0570339
82583.4 0.0210755 0.216356
398602 0.124695 0.0399409
72473.2 0.215813 -0.0581042
1.0562e+06 -0.107595 0.0162719
219188 -0.0421974 0.181976
14745.6 0.246638 -0.193918
8464.27 -0.0227766 0.306693
383327 0.0516038 0.128371
1.63531e+06 -0.0582012 0.068295
1.59912e+06 -0.0620769 0.0692032
50234.4 -0.0106681 -0.135957
14090.1 0.123932 -0.225093
7899.65 0.0628345 -0.268342
1.7362e+06 -0.0559271 0.0197675
44927.3 0.0155125 -0.135939
20099 0.142635 -0.204347
37243.1 0.219244 -0.140362
68719 0.223681 -0.0348672
16893.2 -0.0165175 -0.213485
1.70215e+06 -0.0680541 0.0490598
36294.5 -0.233204 0.0615065
11214.6 0.0608952 -0.225044
100171 -0.125218 -0.0979037
928020 -0.115021 0.0640198
22564.3 0.204883 -0.188861
16415.1 -0.0613526 -0.231885
235779 -0.174546 0.0172055
7644.38 -0.211555 -0.224306
8534.76 -0.257292 0.166489
26135.7 -0.250517 -0.0754227
91428.3 -0.0669605 -0.118464
61917.8 0.155562 -0.123971
14528.8 0.0317029 -0.191465
9620.8 0.103562 -0.248603
67110 0.0543966 0.224746
35427.1 0.180837 0.229755
67789.2 0.180112 0.164171
9539.59 0.307228 0.0250874
11522.7 -0.218382 0.176722
23952.6 0.22554 0.200526
68582.8 -0.192479 -0.0645524
21120.6 -0.251605 -0.0925479
15593.4 0.279453 0.0388717
1.1328e+06 -0.067408 0.0994755
58153 0.00823484 -0.128906
1.42206e+06 -0.0900649 0.0416045
38862 -0.206433 -0.0889226
261255 0.149559 0.0551527
16222.7 -0.287859 -0.065254
10214.4 -0.150162 -0.218644
1.33453e+06 -0.0912347 0.0601573
19513 -0.101384 -0.177183
263542 -0.168869 0.0634031
10882.5 0.279178 0.104821
7655.15 0.157611 -0.273264
1.27433e+06 0.0111994 0.0682093
101024 -0.0539209 -0.116718
115885 0.110018 0.181563
24808.3 0.1719 -0.190847
577224 0.0907999 -0.114271
36002.1 0.255256 0.0772547
9933.89 0.231021 -0.208206
309852 -0.0268191 -0.195522
440640 0.0506369 0.166316
122941 0.0184635 0.218264
117826 0.121724 -0.185156
936322 -0.0584302 -0.12302
188636 0.168774 0.0878284
249533 -0.0475331 -0.200509
10753.1 0.186885 0.237678
2.17881e+06 -0.0315811 -0.0680786
1.6819e+06 -0.0328769 0.138865
9430.13 -0.273307 0.0517086
257407 -0.16214 -0.0420208
1.21668e+06 0.0916006 -0.0177445
144361 0.210825 0.021065
5618.95 -0.29904 0.0355672
15515.1 0.285344 0.123536
410500 0.143106 -0.0821348
29013.5 0.237983 0.141237
469826 0.0213348 -0.172528
20664.6 0.265898 0.13031
421914 0.126035 -0.103576
81948.9 0.240848 -0.0342504
25022.7 -0.24034 0.147509
9807.05 0.0137227 0.310081
2.35685e+06 -0.0992394 0.0653694
14802.5 -0.249747 -0.0586012
26092.9 -0.148927 -0.26074
2.56315e+06 0.0133951 0.110419
38700.4 -0.209065 -0.152979
468732 0.140068 -0.0684593
7450.64 0.0685963 0.302415
1.6033e+06 0.0485119 -0.0618332
23392.7 0.279266 0.0552319
27134.8 -0.219203 -0.185818
1.00705e+06 -0.134207 0.0717319
48380.5 0.161204 -0.199164
42555.8 0.130172 0.192019
133950 -0.00556557 0.221724
32319.7 -0.232129 0.117015
574795 -0.123314 -0.0691395
247335 0.162976 -0.106105
29055.3 0.0825918 -0.260938
8349.01 -0.27897 -0.053969
2.99581e+06 -0.025988 -0.0421996
60565.3 0.16407 -0.187367
9527.53 0.28198 -0.141199
43135.3 -0.215036 0.142752
261158 -0.0518185 0.202968
101852 -0.160742 -0.14841
44244.8 -0.10732 -0.250559
67420.1 -0.178886 0.177644
83140.1 -0.170622 -0.147818
26785.5 -0.213388 -0.199405
26236.5 -0.0159337 0.275378
3.50368e+06 0.0305603 0.00363965
508231 -0.137619 -0.0480993
34982.8 0.201342 -0.181071
2.96394e+06 -0.0672948 0.0935348
1.39295e+06 0.0531042 0.116343
2.22615e+06 0.0130973 -0.0609071
30143.8 0.257033 0.0969799
76863.8 0.145083 0.161034
32635 -0.224944 -0.00271814
19658 -0.257386 0.133762
77268.6 -0.179394 -0.130419
15423.3 0.0979436 0.24307
726481 0.111547 -0.0574833
43768.2 -0.125175 -0.24337
39513.3 0.114048 -0.2347
15606.6 0.134881 -0.261834
24252.6 0.28582 0.00810263
161973 0.0629098 0.191239
936570 0.105504 -0.0247602
79078.8 0.23187 0.0437248
299406 0.160491 0.0584646
142179 -0.0308936 -0.225462
6488.27 -0.290808 -0.041354
8210.93 -0.275176 -0.0434392
913895 0.0311331 -0.128698
536748 -0.126518 -0.0681455
15891.3 -0.231661 0.208427
5423.27 -0.290393 -0.00683698
173437 -0.143792 -0.133114
52596.1 0.0745466 -0.241596
332246 0.129705 -0.120147
2.89414e+06 -0.0394227 0.110022
6375.71 -0.278235 0.00234204
1.10833e+06 0.0991379 -0.00989658
4.71574e+06 0.00831438 0.0521827
417224 0.157862 -0.0299652
2.02348e+06 -0.107439 0.0175757
173873 -0.171424 -0.0495717
86661.5 -0.160565 0.18666
510310 0.0922362 0.127941
57858.2 0.195608 0.136012
268245 0.184971 -0.0263773
3.43877e+06 -0.0690452 0.000540104
347251 -0.158333 -0.0263737
13433.9 -0.265275 -0.0974288
292560 0.175872 -0.0572025
40623.7 -0.0732442 0.262313
31083 -0.221563 -0.0755116
170680 -0.101164 -0.190325
3.50179e+06 -0.0696221 0.00392455
219627 0.155073 -0.125105
3.04967e+06 -0.00193295 -0.0388596
94420.2 0.130093 -0.190028
192677 0.173416 0.0782328
1.51336e+06 -0.0499932 0.14028
33898 0.122098 -0.236703
15832.5 -0.257123 0.179623
40823.1 0.15077 -0.21304
42540.1 0.2481 0.0764056
1.84188e+06 -0.0411916 -0.0784832
180685 0.0161805 -0.214462
43465.1 -0.0221331 0.259057
1.29736e+06 0.082763 0.0810287
473416 -0.0571838 0.182488
199099 0.173094 -0.110871
2.22283e+06 0.0466894 0.0927175
2.41473e+06 -0.101497 0.0376818
49734.7 0.0750542 -0.243496
772387 -0.130591 0.106772
31568.1 -0.21074 -0.184269
2.537e+06 -0.0892833 0.0796366
94180.7 0.103217 0.182732
7772.25 -0.279586 0.0429418
4662.76 -0.307148 -0.0107132
1.08302e+06 0.102695 0.0419437
2.27895e+06 -0.0379602 0.123737
92772.6 -0.204564 0.0581006
6806.68 0.131371 0.273171
1.86114e+06 -0.0612522 -0.0636104
25190.6 -0.106152 -0.277039
14611.1 0.304981 -0.0351397
578264 0.00430457 0.175562
14795.1 -0.0670193 0.29974
25638.7 0.266356 0.0921494
152094 0.214121 -0.0183191
1.78567e+06 -0.113438 0.0191023
25807.3 -0.209585 0.200007
110927 -0.0888403 0.223395
1.38709e+06 -0.000252524 0.144822
268980 -0.0529162 0.201873
6953.91 -0.279025 0.0283287
1.19955e+06 0.0634671 -0.0739629
735448 0.0772769 0.125792
17594.7 0.298678 -0.00256262
52935.9 -0.216575 0.0237667
1.42658e+06 0.0641542 -0.053385
20847 0.246333 -0.15343
93295.2 -0.149734 -0.17639
660000 0.0856298 -0.107953
13440.6 0.128758 -0.271654
63250.5 -0.152892 0.210047
162848 0.188539 0.0659756
111021 -0.139206 0.195615
205358 -0.133706 -0.138817
114978 0.158009 -0.161345
3.45436e+06 0.0101272 -0.0209434
3.71983e+06 0.0224366 -0.000139208
147332 0.159105 -0.146828
193458 -0.0573473 -0.208017
61520.7 0.126383 -0.210415
133822 0.128241 -0.17512
1.28733e+06 -0.0793628 0.134552
174579 -0.188857 0.0512375
373714 0.150898 -0.0804302
412635 0.158836 -0.0096322
4.33986e+06 0.00657517 0.00420806
1.31758e+06 -0.0527181 -0.099799
17490.1 -0.251114 -0.160586
6884.24 -0.300753 0.0600289
4.65032e+06 0.0128415 0.0415497
37697.6 0.271035 -0.0260449
64111.6 0.0377811 -0.246944
221557 0.179394 -0.0905062
863230 0.0995255 -0.0557936
45517.1 -0.10488 0.251216
2.9524e+06 -0.0398456 0.108675
31075.6 -0.156362 -0.246331
437544 -0.0485564 0.186698
24102.2 -0.058966 0.281994
17513.9 0.258691 0.166205
1.4128e+06 0.0768039 0.0846992
382262 0.130064 0.0949731
11728.1 0.0225894 0.297668
191990 0.139326 -0.148187
29694.5 -0.0649887 -0.278379
29339.5 -0.0912965 -0.273758
132460 -0.144438 -0.156195
5.03893e+06 0.000811497 0.0375038
7289.73 -0.289968 0.0521485
115457 0.0163343 0.220715
52084.9 -0.214381 0.116884
245408 -0.179973 0.0513833
147697 0.0100294 -0.223051
20050.4 0.291547 -0.0498429
380629 -0.0133782 0.191723
996886 -0.138081 0.0438876
58812 0.254373 -0.0192014
11299.9 0.0959819 -0.294989
39599.2 -0.198363 0.184869
837435 0.0959955 0.0938209
26106.9 0.0395736 0.256767
57868.4 0.138419 -0.206054
5.08591e+06 -0.00104266 0.0392028
202455 -0.18407 0.0662202
305398 0.0629612 0.171363
266202 -0.120874 0.172911
99823.8 0.226233 -0.070948
206710 -0.178913 0.0927154
75718.8 -0.150517 0.203517
13823.1 0.0790155 0.258555
3.79149e+06 0.0132358 -0.00801381
1.08938e+06 0.0606478 -0.0878278
162129 -0.0634018 -0.21312
541751 -0.0993136 -0.118937
291000 0.167943 0.0428764
25420.3 -0.229397 -0.0738996
19549.5 0.205188 -0.203364
82113.3 0.223532 0.0626961
15839.6 -0.0364096 -0.305867
332021 -0.102951 0.176704
92281.8 -0.0521855 0.236136
25167.8 -0.21979 0.188632
28403.6 -0.172582 -0.241475
34576.5 0.211296 0.155707
449356 0.151939 0.00974748
8043.43 0.111985 0.267443
66651.9 0.245959 -0.0576181
608708 -0.0394539 0.176775
298449 -0.172514 0.0732442
78994.9 -0.190223 0.146695
6818.11 0.158508 0.270323
125571 0.0747705 -0.207912
199882 0.18803 0.0421845
312083 -0.049226 0.197595
7348.64 -0.279615 -0.0374867
31170.3 0.0702695 -0.262973
167720 -0.175166 -0.0405965
5.32946e+06 -0.0214817 0.0420321
22874.3 -0.141508 -0.271263
87552.7 -0.188119 0.14317
658582 0.12981 -0.0102021
44383.3 -0.0820286 0.257861
1.44428e+06 0.0407203 -0.0810093
24222.1 -0.236716 -0.120795
4.06787e+06 -0.019538 -0.0140419
192025 0.0827414 -0.185669
61576.8 0.144185 0.170428
53081 -0.199541 -0.106305
146767 -0.147915 -0.140039
302480 0.176429 -0.000347787
1.1204e+06 -0.0709302 0.145459
548907 -0.108187 -0.102878
84522.6 -0.1151 -0.215624
3.8948e+06 0.0211603 0.0687274
259826 -0.172672 0.0913102
19943.8 -0.175235 0.246708
4.34332e+06 0.00387113 0.00194698
63220.6 -0.0993953 0.240584
1.01088e+06 0.0273275 0.147999
70628.5 0.0963697 0.196056
1.40848e+06 0.0546961 -0.0679401
2.4465e+06 -0.0298463 0.121182
119281 0.198162 0.0782511
88446.1 -0.159677 0.186594
447340 0.11864 -0.106733
758779 -0.0546485 -0.140601
43527.4 -0.221676 0.109613
9956.13 0.00170725 0.312309
1.69653e+06 -0.0832557 0.117323
42794 -0.0923533 0.257067
104734 0.149709 -0.172331
16615.2 0.28785 -0.0890211
96052.3 0.0138991 0.22673
220967 -0.155946 0.142129
53103.8 0.187711 0.147971
21399.2 -0.232874 -0.185854
1.32387e+06 0.0277558 -0.100218
332022 -0.0578195 -0.184395
172303 0.201413 -0.0697769
14401.1 0.216026 0.213228
277479 -0.114937 -0.146632
651150 -0.107152 0.145423
30930.3 0.266899 -0.085799
118039 0.0644013 -0.215063
109949 -0.129324 -0.189535
4.15289e+06 -0.0234937 0.0860535
559227 0.0758484 0.139605
1.36364e+06 -0.122345 0.0723692
19048.9 -0.0252688 0.288858
609020 0.0424264 -0.149265
62256.4 -0.115893 -0.230357
17043.5 0.133901 -0.258587
213743 0.149688 0.106164
886318 0.00870827 -0.140359
241525 0.181779 0.0310986
1.33155e+06 0.0105753 0.143522
90119.9 0.0166485 -0.239656
95002.9 0.134444 0.160321
1.9652e+06 0.0330459 -0.0578006
463340 0.150894 0.00296893
29600 -0.223587 -0.0777001
361428 -0.0246347 0.194104
262035 0.185328 -0.00665121
5898.97 -0.310315 0.05513
161508 -0.115404 0.197184
49175.4 -0.200353 -0.131069
626301 -0.0074978 0.175101
464911 -0.0023988 -0.17788
29826.9 -0.227703 0.156529
17704.4 -0.0336504 -0.30148
14791.7 -0.251487 -0.188829
4.08205e+06 -0.0675946 0.0454127
25713.5 -0.231228 -0.155937
313067 0.168283 -0.0681582
581932 -0.00137111 0.176524
43707 0.263801 0.00746432
25318.8 -0.130093 -0.269849
63278.3 0.205984 0.11842
1.70512e+06 -0.0877867 -0.0412199
23658.5 -0.192446 0.223576
26425 0.173822 0.19121
486571 -0.0556656 0.18188
11798.9 -0.000997507 -0.306299
19530.4 0.0202512 -0.277613
20515.1 0.271645 -0.0757132
1.66987e+06 0.0754498 0.0622937
35940.1 0.28913 0.0545071
2.47078e+06 0.0211502 0.0428671
195275 0.185763 0.0764732
20765.4 0.100489 -0.238787
395637 -0.129168 -0.110615
1.57483e+06 0.058603 0.0934356
249972 -0.105484 -0.152267
1.92045e+06 -0.0408012 0.0806781
20790 -0.131348 0.25661
106262 -0.225011 -0.00201205
457032 0.159752 -0.0424109
91801.1 0.219794 0.0713975
25496.3 -0.00134714 -0.263492
22267.5 -0.0909539 0.273641
19525.5 0.234496 -0.133404
83396.4 -0.119619 0.206169
18937.5 -0.286204 -0.0849142
387119 0.0522034 -0.133686
1.50927e+06 -0.00383304 -0.0662019
157714 -0.173654 -0.11737
11937.3 0.119137 -0.289994
180534 0.0986403 -0.146367
1.79369e+06 0.0766024 0.0378705
27722.7 0.311241 0.0242975
110265 -0.180869 0.137917
146755 -0.0330674 0.219211
41318.8 -0.0981472 -0.232107
41017.7 -0.224374 -0.13681
2.20622e+06 -0.0316723 0.0665836
45474.7 -0.232536 -0.116727
10133.4 -0.188625 0.251766
53840 -0.14861 0.206228
10006.8 0.239476 -0.204771
21704.8 0.292125 0.120504
168511 0.144106 -0.122068
19951.7 -0.0235667 -0.27549
474176 -0.134408 0.100255
212190 -0.150876 -0.125759
153247 0.0647729 -0.167188
1.23597e+06 -0.063333 -0.0787095
113504 -0.191771 0.118681
86151.5 -0.203064 0.122815
537042 -0.0942722 0.136348
50541.8 -0.225656 -0.120128
23906.6 -0.274363 0.123467
30733.9 0.254113 -0.0723863
44026 -0.259945 0.0116275
17149.1 0.253072 0.153966
15684 0.253218 0.158972
94320.4 -0.215646 -0.0859788
17362 -0.0868897 -0.276582
16827.2 -0.313433 0.0165771
23011.1 0.192919 0.185058
14912.9 0.0600594 -0.297059
99388.3 0.156257 -0.133911
675703 0.143633 0.0427383
898694 0.133135 0.01605
18550.5 -0.0708751 0.287687
342864 -0.118451 0.140298
38612.6 0.2522 0.0990937
379367 0.0194026 -0.144938
310848 0.17501 0.0563042
484130 0.0469325 0.171675
2.4e+06 0.00472492 0.0646594
74505 0.16678 0.16218
1.46953e+06 0.0581659 0.100774
445003 0.029256 -0.134727
19328.7 -0.098188 0.276391
14361.2 0.224874 0.17874
145142 -0.00947534 0.222577
27526.8 0.313775 0.0340721
955623 -0.0964784 0.0946541
212139 -0.193766 0.0386888
11933.8 -0.226816 -0.210052
32879.3 -0.273382 -0.00923655
253518 0.0791224 -0.141608
105085 0.228263 -0.00257373
718465 -0.0114984 0.159305
101984 0.18662 -0.103221
2.48086e+06 -0.0232663 0.0327944
311333 -0.168857 0.071548
40463.8 0.146638 0.207191
26046.8 -0.273568 -0.0769863
35445.8 0.143228 0.214933
10930.3 0.229553 -0.19685
30311.9 -0.260794 0.122341
34623.3 -0.103704 0.250372
637298 0.1488 -0.0249511
1.85345e+06 0.0266029 0.0969163
19941.4 -0.298275 0.0796807
604036 -0.142198 -0.0551882
39880.7 0.0789364 -0.214776
668192 0.141571 0.050943
54451.8 0.189379 -0.128876
134613 -0.0615941 -0.192873
40955.5 -0.0139454 0.267178
28959.8 0.115934 0.241781
742459 0.138576 -0.029973
239434 0.0633258 0.194286
2.53908e+06 0.00646774 0.0367737
744027 0.00555444 -0.114714
707228 -0.00724647 0.160551
1.93226e+06 0.0669247 0.00925417
10470.8 -0.223568 -0.22095
90131.2 0.0465019 0.233904
20516.8 -0.296069 -0.0225233
2.43247e+06 -0.0222461 0.0497677
74491.3 -0.130492 -0.191314
425319 -0.165641 0.0361619
13491 0.0891412 -0.299206
15212.3 -0.233423 0.207111
9812.15 0.0296279 0.313079
1.38636e+06 -0.0589845 0.100242
29517.3 -0.0877963 -0.250519
518428 0.144038 -0.0596926
151150 0.199876 0.0684003
80712.2 -0.0721652 -0.210983
1.52274e+06 0.00749087 -0.0628564
364482 0.178297 -0.005706
40709.4 -0.0561825 -0.241569
984953 0.0864472 0.108066
23824.6 0.298885 -0.0237923
56852 -0.241615 0.06808
64119.4 0.215985 -0.0871588
16113.9 -0.249528 -0.168197
2.18301e+06 0.0454875 0.00885771
1.14095e+06 -0.105782 -0.0449717
2.10076e+06 0.0327525 0.0779757
2.05708e+06 -0.0599696 -0.0031828
19746.5 -0.255482 -0.14532
95991.8 0.231565 -0.00641809
46145.5 -0.0624096 -0.235518
282864 0.0628617 0.188063
19008.4 -0.30308 -0.00383252
13677.6 -0.08468 0.295705
37826.8 0.0913605 -0.209977
82474.6 0.054771 -0.195492
60876.3 -0.150143 0.199647
24544.1 -0.183886 -0.206275
35912.8 -0.232267 0.155145
320177 0.022151 0.193295
21764.4 0.153496 0.224239
100621 -0.127573 0.192918
302230 0.172126 0.0665907
813366 0.0917208 0.116885
10876.8 -0.229318 -0.21377
116170 -0.177466 -0.131358
197200 -0.175246 -0.0996686
555079 0.0658111 -0.11168
33986.4 0.295059 0.0516374
15498 -0.15115 -0.256381
1.28314e+06 0.104332 0.0438838
1.29135e+06 -0.037525 0.119042
1.38436e+06 -0.062392 0.0975362
399777 0.133263 -0.0896379
698981 -0.116574 0.0947962
697832 0.144116 0.0346645
20544.6 -0.137924 0.253312
16093.8 0.291777 -0.0670403
354630 0.167601 -0.0516626
35269.3 -0.0598802 -0.247325
11859.3 -0.0606463 0.307392
10654.9 0.238625 -0.197037
18696 -0.155967 -0.242481
173479 -0.186744 0.0893737
16516.2 -0.287725 -0.100483
156913 -0.140532 0.161563
11448.9 -0.0971052 0.298822
58858 -0.0310444 0.252625
14480.7 -0.00680209 -0.293543
1.01057e+06 -0.108485 0.071237
20995 0.14109 0.235548
210861 0.0415296 -0.163182
36860.6 0.0396037 -0.237292
195799 -0.201437 -0.00792845
36458.4 -0.0212013 0.270978
1.74205e+06 -0.0504328 -0.0472414
20508.2 0.289577 -0.0503192
114071 -0.119519 0.192816
2.46199e+06 0.00221055 0.0577073
35217.2 0.0925346 0.248307
658141 -0.0065989 0.163941
10775.7 -0.237247 -0.207649
110164 -0.216552 0.0529184
50838.6 -0.203258 0.163929
13836.4 0.0840136 -0.298741
21585.8 -0.281687 0.120325
27155.1 0.30239 -0.00247091
25680.3 0.236056 0.14074
2.14849e+06 0.04004 0.0674334
1.38637e+06 -0.0855054 -0.0486604
245346 0.0444755 0.199282
57758.3 -0.196707 0.16259
44069.7 0.252466 -0.0462965
59473.3 -0.220004 -0.117118
243228 0.145242 -0.104736
10469 -0.0150836 -0.310283
914653 -0.12141 0.0568838
19873.8 -0.298995 0.0770425
1.19896e+06 -0.0943011 -0.0564691
58473.9 0.15452 0.185695
926342 -0.0840694 -0.090645
13471.7 -0.0229906 0.306539
135678 0.0330082 -0.183754
1.3164e+06 0.0774648 -0.047123
2.15248e+06 0.0359735 -0.00558645
12667 0.127367 0.264357
1.03911e+06 0.0845804 -0.0640494
62760.4 0.252197 0.00771491
46213.6 0.00904296 0.262532
25489 -0.284591 0.0667434
495901 0.0809213 -0.111199
2.4921e+06 0.00841576 0.0188657
35347.1 -0.216777 -0.155612
13713.5 0.141721 -0.23451
13290.5 -0.162671 -0.257
1.56852e+06 0.0191216 -0.0567422
71361.3 -0.070705 0.235835
121263 0.0790409 0.212518
12771.5 0.224277 -0.181315
105862 0.14421 0.171259
31877.3 0.286023 -0.0126822
1.81278e+06 0.029084 -0.0371186
2.22777e+06 -0.0369879 -0.00866586
12538.9 0.0366618 -0.310135
28837.5 0.208081 -0.139137
11316.4 0.275954 -0.150241
1.82114e+06 0.0481521 0.085973
32714.5 -0.195759 0.196021
1.37872e+06 -0.0432499 0.111309
11714.9 0.24233 -0.182126
1.21246e+06 0.0860923 0.0894915
924687 0.126248 0.0427719
107844 -0.204177 -0.0977974
9687.85 0.039996 0.311483
862388 -0.0899802 0.109956
172800 0.119653 -0.137187
26641.1 -0.14131 -0.233221
306119 -0.149731 -0.104201
10586.5 -0.169242 -0.265344
36987 0.227732 0.126581
338064 0.136859 0.120263
1.24146e+06 -0.0294439 0.125034
19949.4 -0.0634825 -0.272944
975862 0.120508 -0.0300838
32563.5 0.0281109 0.272296
9847.16 0.00974648 0.315796
19994.9 -0.235764 0.190983
28463.6 -0.278424 0.0624979
321354 -0.0201503 0.192132
64352 0.202684 0.12405
173099 0.0239414 -0.176808
1.09776e+06 0.0609547 0.122077
196327 0.171473 -0.0877403
1.00022e+06 -0.0603514 0.123645
693966 -0.146235 0.00779154
14386.6 0.260336 -0.127447
12419.9 -0.163857 -0.260065
22612.6 -0.293855 0.0476237
56368.8 -0.024526 0.254972
572785 -0.0481961 -0.132471
299230 -0.130826 0.135684
193752 0.174632 0.0982356
120611 0.200683 0.0858972
60321.9 0.236898 0.0789564
27934.9 -0.0610141 0.274499
90797.8 -0.127266 0.197644
1.82884e+06 0.039318 0.0920688
51506.4 0.0326362 -0.223784
23593.4 0.00151084 -0.267349
589774 -0.130442 -0.0794507
12307.2 -0.0423788 0.308544
166925 0.177534 0.103532
2.52365e+06 0.0058124 0.0457668
35942.2 -0.178654 -0.191139
26288.6 -0.0736285 0.273253
419810 0.140893 -0.079072
10201.4 -0.0339416 -0.308664
47076.6 0.242974 0.0925816
57258.8 -0.202751 0.156333
429845 0.164721 -0.0370195
39669.5 0.0854655 0.247689
325844 0.174258 -0.0449742
56669.3 -0.0995666 0.232769
11834.5 0.118582 -0.291912
1.20254e+06 0.114045 0.00647575
35243.6 -0.233593 -0.13424
602936 -0.0151384 0.16684
25944.3 -0.282545 0.0738497
304307 -0.0978421 -0.147154
1.05149e+06 0.0735327 0.115617
30790.2 -0.0556688 -0.253731
20398 -0.034946 0.290897
126243 -0.19662 0.0987806
649946 0.0986789 0.124835
461111 0.0123451 -0.137758
20098.8 -0.0800011 -0.270491
725566 -0.0846594 0.126323
35643.2 0.23853 0.118388
526680 -0.0907154 0.140242
29454.4 0.302365 0.0727597
54119.8 -0.0341892 0.255227
205834 0.161411 -0.0971367
49367.5 -0.0698942 0.250147
150206 -0.12353 -0.164729
97349.2 -0.181415 -0.137056
1.01088e+06 -0.00714144 -0.098486
8690.48 0.089281 0.300538
533359 0.114708 0.119645
50010.2 -0.0355308 -0.234369
117541 -0.199202 -0.0998276
14890.3 -0.0802487 0.293656
70974.1 -0.216741 -0.109033
233571 0.196062 -0.0115085
692300 -0.144416 -0.0220707
20337.8 -0.275808 -0.104248
1.35979e+06 -0.0027224 -0.0753676
195941 0.190263 0.0661007
716368 -0.0608868 0.143016
1.94554e+06 0.0545731 0.0687495
126622 0.177406 0.121028
45955.4 0.0733221 0.247948
627604 0.0332267 -0.11642
220556 -0.0309651 -0.175847
68011.8 -0.199562 0.147819
75384.8 -0.196789 -0.134003
1.51117e+06 -0.0491721 0.0999793
175445 0.205609 0.031165
17292.8 -0.208586 0.217612
986175 -0.0480503 -0.100785
15760.5 -0.117734 -0.288326
65286.2 -0.169613 -0.0609621
13371.8 -0.204975 -0.2373
119207 -0.0559893 0.116592
122182 -0.0117361 -0.0233841
12950.6 -0.188608 0.238141
63943.8 0.161321 -0.161752
17578.3 -0.231656 -0.128167
10545.8 -0.258579 -0.139689
43519.9 -0.0163707 0.259593
11982.2 0.0200671 0.314017
67693.7 -0.032906 0.0489884
50810.1 -0.135232 0.178539
67468.5 0.199927 0.0692724
27106.3 -0.0463524 0.281345
29865.9 -0.175976 0.101787
117267 0.15567 0.0405123
37827.2 0.0291182 -0.249329
146719 -0.078798 -0.149277
126060 0.0775935 -0.157833
31322.2 -0.177217 -0.19842
23257.2 -0.203505 0.120591
11584.9 -0.261836 -0.00702981
13174.9 0.000227622 0.315757
64638.6 0.0755795 0.156556
66629.1 0.0126395 0.0531356
121094 -0.071199 0.134801
37172.8 -0.050674 -0.243046
131126 0.133262 -0.0180044
48584.8 -0.0333413 -0.226674
20301.7 0.0954717 0.22336
38043.5 0.208406 -0.13651
20750.3 -0.156347 0.226274
179467 0.0476464 -0.102831
27673.8 -0.18779 0.129631
120808 -0.0789767 -0.164534
16558.4 -0.235238 -0.120296
11017.1 -0.263765 0.170538
151541 0.092442 -0.133908
51911.4 0.197873 -0.120928
120408 -0.0470948 -0.012912
25643.4 -0.0337207 -0.269419
23499.5 0.244933 0.0891707
39764.1 -0.152741 -0.206208
17816.9 -0.206524 0.0474743
27282.9 0.249482 0.05975
33216.7 -0.197018 -0.153165
28652.2 -0.181273 0.155396
9678.75 0.224924 0.16969
137022 -0.0382162 -0.0241745
47632.9 -0.0264406 0.25526
60593.6 0.2121 -0.00487769
108419 -0.0942539 -0.0114124
21774.8 0.26509 0.0230541
12658.6 -0.279695 0.0903973
166814 0.109843 -0.0978524
64018.1 0.0118418 0.226007
49198.6 0.0898237 -0.223068
35375.3 0.0038051 -0.252059
69521.3 0.201472 -0.0140612
17364.7 -0.229879 0.145432
40221.1 -0.160638 0.130218
69511.4 -0.12412 -0.186652
49161.2 -0.115122 0.209693
169803 -0.0642992 -0.137629
15153.2 -0.228761 0.177456
131045 0.118144 0.00275703
67338.8 0.00432799 0.0572643
32989.1 -0.0236082 0.274357
19644.3 -0.187129 0.198627
36561.2 -0.0493213 -0.244237
181241 0.0815799 -0.0831301
18854.6 0.0417496 0.278947
21831.9 0.173398 -0.222248
123985 -0.00986751 0.162536
97449 0.0182154 -0.0103422
39633.2 -0.0115165 0.263934
124482 -0.0672283 0.137682
70053 -0.116932 0.172452
59669.7 -0.0909147 0.0453237
98186.6 -0.0970653 0.15128
84865.6 0.0545432 0.0433981
83236.9 -0.0463584 0.0752199
7785.06 -0.294642 -0.091932
16677.8 -0.243204 0.114444
122384 -0.133373 -0.058054
99960.2 0.0234974 0.151441
119643 -0.0455291 -0.166245
202581 -0.0274082 -0.0978035
14248.8 -0.0810753 -0.304076
17315.4 0.271144 -0.0452992
13583.6 -0.219648 -0.212127
65610.3 0.0926283 0.146979
34475.8 -0.20158 -0.12716
68253.1 0.206595 0.012913
27348.6 -0.195451 -0.0263618
83262.4 0.0168209 0.00310371
11483.2 0.290977 -0.0394923
76886.8 -0.0558485 0.0207958
20213.9 0.0766334 0.242572
97900.8 -0.00453674 0.100231
29449.3 -0.150394 -0.230211
44844 -0.19223 -0.102189
68160.4 0.0707519 0.153975
11446 -0.166534 0.259702
31634.7 -0.0429107 -0.254377
4654.21 0.248727 0.1793
17838.8 0.271083 0.0397038
149535 0.0531344 -0.0467308
21526.8 0.223058 -0.166214
84834.3 -0.0780317 0.0867515
21461.7 -0.122343 -0.266611
42127.8 0.0469782 0.226588
20169.1 0.26894 0.00478417
39138.9 0.180723 -0.177926
179642 0.0688763 -0.10773
11672.4 -0.287519 0.0915946
43233.4 0.189904 -0.157856
50284.1 -0.154739 -0.0104432
44108.7 -0.189551 -0.131721
91650.2 0.03616 0.126277
17202.9 -0.222236 -0.17465
12346.1 -0.271917 0.123025
15526.7 -0.229073 0.172277
4482.07 0.169246 0.253953
6633.36 0.308265 0.0318426
94294.8 0.158639 0.0888907
109646 0.161844 0.0551308
13746.6 -0.272593 0.0718911
38002.5 0.239857 0.0259612
15017.8 0.107268 -0.285802
32380.8 -0.206035 -0.108584
64030.7 0.195939 -0.0821245
107615 -0.0950904 -0.0112748
12908.4 -0.280292 0.058026
5862.05 0.189987 0.223287
38005 0.202907 -0.148142
26258 -0.174138 0.0150004
151228 0.127009 -0.0907351
15023.7 -0.249594 0.0468094
65691.1 0.205328 -0.0139624
82746.1 0.0949423 0.12328
77379.9 -0.116637 0.131702
152224 0.0195344 -0.0526353
14622.7 -0.242275 0.0314144
23283 -0.220105 -0.100376
13537.4 -0.260767 0.0303005
68249.3 0.0830789 0.146612
75081.4 -0.0298443 0.227592
66523.9 -0.119573 0.174485
175029 0.00397283 -0.11488
83914.9 0.0394578 -0.192996
11276.4 0.114266 0.23831
99381.5 -0.0340978 0.0930472
68983.7 0.053005 0.172741
148102 0.120538 -0.114261
128642 -0.0621161 0.146763
13521.7 -0.223261 0.205416
37160.2 -0.106513 0.235376
12494.5 0.281584 0.0528892
26710.1 -0.174045 0.183115
19198.1 0.0254234 -0.291891
147168 0.0393401 -0.0478457
18754.1 -0.0765526 -0.286339
33807.2 0.220996 0.103582
6001.36 0.167372 0.235824
53663.1 -0.137927 0.112533
10690.2 -0.302448 0.0550735
25144.6 -0.209102 -0.157126
17375.8 -0.0731725 0.292928
210228 -0.0556196 -0.10769
45084.7 -0.129193 0.0272431
85569.7 0.0378544 0.161705
18017.2 0.205831 -0.203055
12257.2 -0.181849 0.246788
164163 0.00222893 -0.0579393
14831.6 0.12626 -0.276568
15970.3 -0.147341 -0.274121
185019 0.000968027 -0.0875809
13053.8 0.0640455 0.279955
69129.9 0.0267436 0.0376079
24703.9 -0.175743 0.0194282
61875.1 0.0629181 0.173364
174016 0.101468 -0.0936696
6024.78 0.311573 0.0315805
119280 -0.00806989 0.171766
106765 -0.148324 -0.0778462
8249.65 -0.287582 -0.0741999
7041.11 0.158659 0.232499
64927.9 0.202823 -0.0321465
25973.3 -0.115024 0.248329
18300.4 0.221496 -0.182259
15664.6 -0.243002 0.139133
88036.2 0.0677179 0.108674
31287.3 0.0565987 -0.25977
18981.2 -0.0821576 -0.284742
44536.4 -0.177692 -0.0369723
49590.2 -0.160066 -0.180841
85737.1 0.1369 -0.161383
7416.45 0.303406 0.037045
14650.9 -0.239087 -0.139996
18247.4 0.0752624 0.250003
106799 0.0157388 -0.17212
104778 0.147039 0.0843044
78564.1 -0.104076 0.180407
14467.7 0.2721 -0.0835519
61436.6 -0.0138775 -0.212161
43834 0.175305 -0.175668
47707.6 -0.134666 0.0878567
50429.3 0.222453 -0.00954491
52965.6 -0.141661 0.152533
206347 -0.0303601 -0.0867049
37371 0.236369 0.0560262
11677.4 0.0851 0.264892
35002.7 0.234994 -0.0503665
65567.6 -0.0189057 0.0355281
5195.85 0.22837 0.197159
118476 -0.138823 -0.0659414
182741 -0.0497905 -0.047529
7339.32 -0.310018 -0.0455951
101574 0.000738591 0.190385
79022 3.65286e-05 0.216411
75802.6 0.0267815 0.0166817
22369 -0.159571 -0.243102
17512.2 -0.163532 -0.257466
73406.4 0.103134 0.134541
10693.4 0.0864114 0.268459
76166.9 -0.0287761 0.226582
109416 -0.0837658 0.160009
9471.78 -0.302497 0.00392181
97118.9 -0.083329 -0.179038
113953 0.157698 -0.00775702
12840.6 -0.246785 -0.0692038
17555.9 0.271616 -0.0381893
164026 0.103074 -0.113844
111016 0.0866249 0.0386277
21191.4 0.041303 0.273083
138477 0.0313927 -0.148191
25568.5 -0.187749 0.0964853
7638.79 -0.297481 -0.0889992
60531.1 -0.139709 -0.00604162
178783 0.0313395 -0.094826
15421.9 -0.178148 0.229692
28523.9 -0.139796 -0.239361
21688.7 -0.202991 -0.191657
122445 -0.103337 -0.0247342
13445 -0.0316661 -0.312817
35351 -0.169268 0.128004
5223.6 0.204209 0.219407
10520.4 -0.303109 0.0672554
18568.2 0.129624 -0.262205
61095.3 0.193877 -0.10448
115928 -0.144554 -0.0980781
146426 0.047026 -0.0456326
52232.4 -0.059974 0.243917
62010.9 0.172318 0.117
18699.8 0.076652 -0.285455
74294.6 0.0326774 0.0636288
91875 0.0590665 0.0241847
84724.3 0.0764443 0.11947
26470.2 0.230283 -0.127379
134341 -0.0862367 -0.0234458
13806.1 -0.257688 0.0319762
32728 0.0969616 -0.245746
18239.2 0.111098 0.216542
39056.3 0.195323 -0.158619
56874.7 0.0425988 -0.221414
8162.92 0.284 0.0890758
89094.2 0.184404 0.0533478
9677.73 -0.258928 -0.163182
112647 0.0910719 0.0501295
127847 -0.046054 0.171358
14546.3 -0.263435 0.0940433
41032.7 -0.189415 -0.0574656
44888.4 -0.0971471 0.231643
21805.7 -0.130063 -0.262394
95526 0.119293 0.106503
20106.7 0.0419819 -0.288109
17270.2 -0.125148 -0.279685
148589 -0.127265 -0.08606
97511.3 -0.046901 0.205334
11856.6 0.281222 0.0610953
64304.5 0.00672171 0.0394745
163340 -0.0125908 -0.131985
197161 -0.0267943 -0.0713167
57826.5 0.00187063 -0.217756
163111 -0.00586481 -0.0532556
12810.5 0.286943 -0.0302257
33376.9 -0.18219 -0.185069
65723.3 0.0764761 -0.207672
11335.6 -0.260352 -0.015542
72571.7 0.19388 -0.041676
53914 -0.153831 -0.0142592
53546.7 -0.183829 -0.086644
9020.14 -0.276286 -0.0882634
26644 0.158281 0.17435
30740.7 -0.172201 0.0982953
24430.5 0.0978906 0.210861
104024 0.153837 -0.119062
10599.4 0.294293 -0.0424606
29623.9 -0.118255 0.238639
93104.6 0.172298 0.0731193
13082.8 -0.242723 -0.00351469
38616.7 -0.148502 0.0850759
52997.4 0.103588 0.159889
179319 0.0915384 -0.0868584
12123.7 -0.284616 0.0883726
85630.9 0.0404052 0.0971282
53249.2 -0.172988 -0.0447567
173425 -0.00420512 -0.120139
66913.1 -0.00125535 0.0559584
63351.8 -0.0888865 0.060743
119603 -0.0618566 -0.166753
4456.47 0.246389 0.184863
16060.2 -0.224943 0.040468
20478.5 0.267729 -0.00955895
21892.4 -0.0448383 0.29174
79050 0.041532 0.170346
15291.7 -0.239332 -0.0945097
69793.6 -0.0648278 0.0313567
69165.6 0.156517 0.120596
37387.6 -0.0876639 -0.239177
115394 0.0568133 -0.014629
67791.7 -0.00434792 0.0241602
15392.6 -0.246584 0.134166
123731 -0.119349 -0.143262
12572.8 -0.267815 0.157646
8104.88 -0.29985 -0.0859363
55803.5 -0.122966 -0.150329
1.38874e+06 0.0435818 0.0458405
10769.7 -0.287856 0.0101676
1.73964e+06 0.120649 -0.0556707
38683.6 0.196257 0.137069
14035.8 0.000876337 0.285314
397525 -0.0798499 -0.0272061
75847.7 -0.169229 -0.00525497
18153 0.0725922 0.24959
906983 0.118457 -0.113861
126265 -0.138848 0.116037
44197.2 -0.197719 0.134335
5654.88 -0.0489012 -0.30676
10217.1 -0.279179 -0.0954105
21798.5 0.167844 -0.233056
980793 0.0364297 -0.128738
11289.1 -0.015764 0.294668
26305.5 0.268252 -0.0736895
33188.7 -0.0405268 0.239299
111934 -0.125096 -0.0739807
68564.9 0.104357 -0.211116
276577 -0.0753271 0.109657
5957.89 -0.0661389 -0.304507
31380.4 -0.210028 -0.0740552
30705.2 0.124601 -0.233361
470102 0.16649 0.0318014
91360.6 -0.175504 0.0476874
24876.5 -0.209721 -0.127416
2.97967e+06 0.0538933 -0.0355897
16353.2 -0.272233 0.107345
872841 0.152772 -0.0705081
20321.6 0.276651 0.091424
8441.84 -0.0917101 0.283992
21014.7 0.098204 0.214651
1.26504e+06 0.106643 -0.103508
11983.3 0.0749864 0.280183
32870.4 -0.112472 -0.192899
748788 0.0360649 0.076497
11557.5 -0.273419 -0.0804265
9254.9 -0.296434 0.0150147
82424.2 0.21426 0.0790944
13295.1 0.0886127 0.263394
220094 -0.0334253 -0.154355
2.36303e+06 0.0802289 0.00138501
53135.3 -0.196512 -0.00296037
134031 0.177897 -0.149149
37615.3 0.0636005 -0.23349
160318 -0.069891 0.157823
40966.3 0.0889283 -0.229386
55936.4 -0.141797 -0.133978
150881 -0.11239 0.133007
29152 -0.0351216 -0.229352
932022 -0.0385611 -0.0656778
1.8446e+06 0.0274031 -0.0910816
13399.1 -0.0785239 -0.259901
12723.9 0.0670569 0.279679
156329 -0.0905168 -0.112616
26377.7 -0.149205 0.209306
13093.2 -0.122879 -0.257013
13885.4 -0.131249 0.24865
23562.2 -0.199872 -0.155023
15892.1 -0.18015 0.218069
72669.7 -0.108805 -0.142901
12616.4 0.040826 0.289037
10015.3 0.0984122 -0.29258
23761.9 0.136611 0.182921
356539 -0.0199569 0.112837
182073 0.211755 0.012362
162613 0.219782 -0.027018
85456.1 -0.178702 0.0877276
1.05892e+06 0.113463 -0.109047
155126 -0.121432 -0.00940373
93118.5 -0.109211 0.169111
1.25026e+06 0.141772 -0.0234519
47910.3 -0.0152461 0.223922
12813.3 -0.213729 0.208268
17892.6 0.197266 0.177061
21854.9 -0.122621 0.23129
693587 0.146638 0.0330131
119318 0.00854266 0.172435
126688 0.0820456 -0.197163
19625.5 0.284052 0.0731879
53697.6 -0.0297858 0.218901
217443 -0.0571768 0.142141
11564.5 -0.0988513 -0.266654
1.39449e+06 -0.0203021 -0.0594653
17167.6 0.145012 -0.256884
12653.6 -0.139608 -0.258214
93422.8 -0.0688241 0.187561
17973.4 0.161369 0.188331
74625.2 0.148935 -0.192388
60395.8 0.237907 -0.0948317
58707.2 -0.0751044 -0.179462
102154 0.213969 -0.112566
9686.44 -0.0988855 0.275435
36371.6 0.266076 -0.027514
38433 -0.208127 0.131971
879883 -0.0428028 0.00493229
47868.4 -0.162682 -0.12613
17967.3 0.171031 -0.24296
2.65587e+06 0.0391906 -0.00834402
10292.7 -0.269912 -0.117867
425046 -0.0616521 -0.0898514
14734.3 0.050554 -0.26654
101849 -0.0920051 0.174005
7224.64 -0.0223526 -0.295254
1.01338e+06 -0.0382144 -0.0537446
683393 -0.0582385 -0.0224671
17748 0.125157 -0.258921
83279.3 -0.144435 -0.0674766
56794.4 -0.074427 0.208801
11518.8 -0.0531281 -0.27147
1.66907e+06 0.0358877 0.033457
57699.5 -0.194644 0.112358
8436.85 0.111679 0.286497
39859.7 -0.143416 -0.163246
259427 0.0778325 -0.176584
540038 0.176041 -0.00701352
86631.9 0.127133 0.135389
14506.7 -0.0410054 -0.261188
38485.5 0.261405 -0.0509281
65727.8 -0.188811 0.0139962
112014 -0.149431 0.112766
70324.9 0.211543 -0.138888
481763 0.113965 -0.145068
28665 0.23173 -0.158656
695025 -0.0534821 -0.0589448
10497 0.0439973 0.300163
20265.5 -0.264488 0.0653027
819181 -0.0376547 0.0277634
38199.1 0.0882461 0.184823
16256.7 0.0578077 0.266568
33330.6 -0.216168 -0.031316
104893 0.229196 -0.065036
52110 -0.140145 0.18015
48591.4 -0.181493 -0.0725899
90657.5 -0.131197 -0.0919742
60134.5 -0.20541 0.0580084
1.64519e+06 0.127208 -0.0312023
84008.1 -0.172458 0.0188683
525985 0.174866 0.00183567
1.63381e+06 0.00364652 -0.0824427
55389.1 0.199747 0.116894
12863.2 0.158071 0.211387
18059.9 -0.0924793 -0.238975
23087.6 -0.124928 0.227858
1.829e+06 0.0889671 0.0195816
124464 0.135099 -0.182174
278467 0.00207534 -0.165154
12294.3 -0.275828 0.149607
532450 -0.0679681 -0.00934368
705572 0.0751744 0.0752861
73452.4 0.24374 -0.0384322
7493.65 -0.281437 -0.139516
2.0181e+06 0.0225163 -0.0809084
8949.05 -0.0196382 -0.285591
35944.2 -0.232876 0.0837888
14310.3 -0.11828 -0.251106
28117.9 -0.173857 0.189224
467598 -0.0554856 0.0635393
46239.3 0.193025 0.130345
262699 0.185808 -0.103498
2.63761e+06 0.0320115 -0.0128732
96097 0.121546 -0.195996
30877.7 0.125703 -0.232865
193806 -0.0077418 0.15081
395912 0.0186973 0.106707
40470.6 0.263286 0.0233545
13086.2 -0.234695 -0.161043
147058 0.132591 0.114276
105902 -0.15666 0.0240841
118509 0.119852 -0.190083
479765 -0.06968 0.0143323
5724.29 -0.0593402 -0.306394
100480 0.0325629 0.170278
16971.9 -0.179758 0.214314
24473.9 0.0818731 0.218013
1.05648e+06 0.122891 -0.101142
26771.9 -0.0507772 -0.228388
15790.9 0.295696 -0.0012887
28666.8 0.261605 0.0869154
41998.7 -0.177676 -0.118543
674072 0.103754 -0.136301
83971.6 -0.182339 0.0514529
114547 0.2195 0.0429325
7867.57 -0.302844 -0.081799
1.32491e+06 0.0959093 0.0373671
2.92157e+06 0.0640376 -0.045324
11631.4 -0.18135 0.237896
32030.3 -0.0334882 0.24181
1.62628e+06 0.00900712 0.0224566
10160.7 0.136555 0.248426
8969.66 -0.259162 -0.157832
35406.1 -0.138347 -0.175965
11245.1 -0.287116 0.0182175
32642.1 0.014125 -0.23516
13503.3 0.283309 -0.0937599
236571 -0.100868 -0.0203433
35947.4 -0.000858764 0.236516
43134 -0.0326156 -0.214127
41117.4 -0.168549 0.171214
10569.6 0.00257624 -0.278571
83613.3 -0.0653066 -0.170104
18171.6 -0.195631 -0.192338
206968 -0.106486 -0.0205469
22581.3 0.0562162 0.244206
277385 -0.0953358 0.0538468
47664.6 0.0835807 0.176749
700215 -0.0430581 -0.0847282
406320 0.178467 -0.0851128
535107 -0.0666168 0.00176192
11339.7 0.309424 0.0164397
66192.8 0.242862 -0.065597
7705.77 -0.10264 0.285182
18888.7 -0.251718 -0.0223639
131091 -0.0322737 -0.174094
20478.6 0.243176 -0.1614
71588.6 -0.0581585 0.202679
18823 -0.24851 -0.0371125
1.32448e+06 0.0280285 -0.111838
14385.1 0.208994 -0.22911
1.02235e+06 -0.0313353 0.0142837
14779.2 -0.134783 -0.247025
178524 0.215862 -0.0450917
14577.7 0.0312107 0.28187
49855.2 -0.191173 0.132796
42578.1 -0.0176459 -0.219579
11203.1 0.0333955 -0.277199
18243.9 -0.0357229 -0.250742
554717 0.17771 -0.0308539
394925 0.174115 -0.0964918
152552 0.204697 0.0496892
9642.39 -0.0429466 -0.281203
210213 0.0378726 -0.182982
104359 0.0805645 -0.202876
15767.4 -0.017825 0.276997
57867.7 -0.138385 -0.134116
16601.7 -0.00322865 0.276038
6724.53 -0.0901011 -0.298532
2.21546e+06 0.0528844 -0.0845383
849763 -0.014677 -0.108765
152630 0.214623 0.0254454
57064.7 0.226914 0.0871668
19276.8 -0.190773 -0.19187
132886 0.223592 0.00832548
419114 -0.024788 0.0998406
736984 0.0673386 0.0750078
13862.1 0.205046 0.191126
19700.5 -0.240835 -0.0620315
16597.5 0.136967 -0.260965
67385.1 0.153753 -0.193363
64870.2 -0.142292 -0.117157
76768.9 -0.101093 0.18412
233290 0.208094 -0.0271234
19592.4 -0.256598 0.00456785
131832 0.223375 -0.058947
2.11798e+06 0.0602069 -0.0881586
231197 -0.0984061 0.101925
36361.4 0.261212 0.05837
297617 0.129854 0.0887631
994601 0.0768193 0.0596154
106148 0.21826 0.0529259
333581 -0.0823819 -0.0583655
571594 0.0120717 -0.143348
12186.2 -0.206134 -0.226717
91962.6 0.22627 0.0480968
46308.4 -0.121491 -0.164936
12321.2 0.0578681 -0.275014
29776.4 -0.0296313 -0.230009
46875.3 -0.0373421 0.22454
6433.92 -0.314469 -0.0258022
19853.3 -0.262978 0.0380273
16426.9 0.228773 -0.196685
18111 0.159233 -0.248354
62040.1 0.0602509 -0.218801
139919 0.210169 0.0458817
23069.9 0.0883503 0.216558
454322 0.170218 0.027982
978490 0.114035 -0.113016
40111.7 -0.157509 0.181728
506810 0.179549 -0.01258
8753.44 0.215586 0.226322
185081 0.00749584 -0.180278
55355.6 0.251617 -0.0439392
12141 -0.275376 -0.0327973
8900.39 0.132354 0.26639
17054 -0.267261 0.0212313
37579 0.2526 -0.093773
12446.4 0.152014 0.216912
289633 -0.00607955 0.126432
39318.3 -0.189438 -0.100265
170570 -0.0572442 0.158138
24848.2 0.0994378 0.20165
14681.6 0.071155 -0.268209
8764.47 -0.0319607 0.303894
12899.7 0.301918 -0.00628165
14607.3 0.288964 -0.0569953
17496.3 0.116598 -0.260601
42421.8 0.261004 -0.0313081
316917 -0.0871537 0.047658
25495.9 0.103465 -0.244414
830627 -0.00501492 0.0607534
23313.3 -0.220583 -0.107478
16092.3 -0.249852 -0.0824345
93472.7 -0.134123 -0.0785298
37497.4 -0.188195 -0.113366
27410.9 -0.143524 -0.194176
17953 0.030718 0.269322
119739 -0.145754 0.0198932
206607 0.0369842 0.133664
43154.5 -0.190138 -0.0702347
12511.4 -0.251875 0.175739
2.07131e+06 0.086709 -0.0811512
50473.9 -0.0443363 -0.176177
87039 0.177974 0.130089
62705.2 -0.0663476 -0.166789
384507 -0.0622514 0.0506816
362926 0.151941 0.0708825
43120.2 -0.0262689 -0.175005
31238.3 0.133634 -0.173165
422339 0.036246 0.143898
22751.4 0.286326 0.0516151
11998.4 -0.27401 -0.0918256
132131 -0.114144 0.0511758
128900 -0.103947 0.00927569
1.35944e+06 0.0447613 0.0572643
99493.2 0.0712257 -0.117855
89164.4 -0.151944 -0.122107
885969 0.106544 0.0611352
28980.9 -0.230883 -0.123895
134221 -0.117939 0.12351
30587.8 -0.231442 0.0166909
291305 -0.0623533 0.00137606
149433 0.0266609 -0.0964765
45489.9 -0.197781 -0.143961
66769.9 -0.088592 -0.174486
100586 -0.105943 -0.11672
2782.87 0.120225 0.276118
19323.1 -0.207191 -0.206575
16917.9 0.294801 -0.045101
16446.7 0.244715 -0.127656
28568.4 -0.200175 -0.183762
1.24166e+06 0.0211115 0.0268952
169006 -0.0836363 0.150287
18624.6 -0.14455 -0.272771
21622.8 -0.0259082 0.271326
31612.8 -0.199188 -0.176618
58020.5 -0.19853 -0.0926631
35020.9 0.0103523 0.239595
23226.8 0.220774 -0.128229
11520.4 -0.0525687 0.307509
29709.9 -0.245223 0.0842166
27559 0.0505035 -0.18815
16247.2 -0.280917 0.0673153
29862 0.0889212 -0.181511
123753 -0.112417 0.0322086
14707.9 0.134879 -0.23683
16708.6 0.00618299 -0.314617
279512 0.10425 -0.0668566
28184.1 -0.231842 -0.0228222
43805 -0.0528007 -0.223449
68818.8 -0.022922 0.217845
14703.7 -0.0575623 0.293153
165550 0.181763 -0.00554605
19919.5 0.271005 0.132597
838130 0.0379245 -0.0214987
285282 -0.0745314 0.038966
37544.8 -0.112258 0.228387
62980.9 0.19962 0.121195
16747.1 0.0468902 -0.29318
76511 -0.169317 -0.0504314
17456.1 0.0776861 -0.263682
39021.6 -0.114437 -0.232737
24106.1 0.0439794 -0.235351
85245.9 -0.156194 -0.0498601
71064 0.215552 0.0792107
19327.9 0.292238 -0.0169605
42093.7 -0.0361752 0.240722
3074.88 0.159641 0.255278
46066.5 0.238671 0.0141465
33268 0.209913 -0.108244
9336.2 0.182155 -0.248211
940647 0.0893422 0.00150219
25701.4 0.015187 -0.263873
118459 -0.113389 0.151151
49017.3 -0.110073 -0.211277
17821.3 0.234775 -0.13465
193526 0.146986 -0.0553117
9414.77 0.257106 -0.17086
125160 0.155532 -0.0743742
23782.9 -0.222189 0.158222
96986.2 0.194916 0.0980135
6319.69 0.0504481 0.305294
28493.3 0.255541 -0.0220293
299623 -0.0742477 0.0530394
87894.5 -0.109727 -0.142551
43488.9 0.0805675 -0.156917
41351.5 -0.205612 0.00866804
47308.3 0.206666 0.130262
75945.3 0.092669 0.191297
73796.7 0.219887 0.0437462
74353.6 -0.0532777 0.213595
39825.5 -0.105175 0.229087
14897.2 0.281594 -0.0836297
661647 0.0316781 0.121703
35878.2 -0.0284541 -0.243511
30770.8 0.188509 0.167673
34645.8 0.256064 0.0343068
533555 0.0315221 0.132905
40968.2 0.246399 0.0565763
103988 0.173203 -0.0650923
34197.1 -0.183771 -0.187797
116017 -0.0704134 0.185671
25452.3 0.0273276 -0.24979
485641 0.102511 0.117459
25126 -0.0798504 -0.288699
17224 0.267878 -0.079973
47457.9 0.0379933 0.22082
22996.6 -0.0866834 0.264047
498553 0.0612618 0.134057
65729.3 0.216653 -0.0135795
116662 -0.0459996 -0.0827865
947875 -0.0079091 0.0290827
38129.8 -0.115585 0.225666
3719.94 0.188268 0.246516
25809.2 -0.119427 0.243717
19283.4 -0.269862 0.0501526
17658.2 -0.217422 0.184138
90386.1 -0.144072 0.131785
51179.3 -0.128288 -0.198562
55714.2 -0.0649911 0.225881
52289.2 -0.0304014 -0.145714
5082.13 0.159342 0.239803
188149 0.0878218 0.164458
156881 0.15442 -0.0605813
373575 -0.0220576 -0.0359146
41776.4 -0.202644 -0.145
109462 -0.0968312 -0.0765728
1.01455e+06 0.011363 0.007038
17728.7 -0.253159 -0.130699
300387 -0.0609271 0.00137684
81859 -0.158368 0.101348
94198.2 -0.127988 -0.0352041
22846.3 -0.20385 -0.197248
24130.5 -0.0148496 -0.291148
12322.7 -0.268542 -0.144953
17722.3 -0.212323 -0.207497
68693.3 -0.173252 0.0987059
5480.38 -0.308862 -0.0550236
55204.9 -0.123704 -0.193456
13314.3 0.304512 -0.079067
44554.1 -0.105289 0.223212
135525 0.195249 0.0208441
591541 -0.0330323 0.0148196
588385 0.130541 0.0148896
10052.5 0.20247 -0.220991
100873 0.0882645 -0.117197
30408.6 -0.0127098 -0.261129
24747.2 0.0542587 -0.208198
22520.6 0.219525 -0.133392
20916.7 0.100905 -0.214093
64702.8 0.0649163 -0.135441
24129.5 -0.055916 -0.296511
13683.8 -0.246125 -0.184255
94949.5 -0.153846 -0.0735054
33498.3 0.0335315 -0.166218
106011 -0.133226 0.129581
42306.5 -0.125778 0.213439
26123.9 0.00418776 -0.27144
16565.7 0.134781 -0.222803
50837.1 -0.185283 0.0105851
65741.7 0.224773 0.0357662
210475 -0.0918592 0.0597175
16761 0.249544 -0.116763
726940 -0.0152938 0.0905107
62598.6 -0.173106 0.0525769
19133.8 -0.201285 0.193661
31408.2 0.0129911 -0.181268
66677.9 0.042573 -0.130405
684015 -0.032176 0.0486825
547043 -0.010442 -0.0231615
474905 0.0984 0.121402
39890 0.246177 0.0161957
25642.8 0.266733 0.102285
212718 -0.0494866 -0.0429685
119527 -0.121837 0.0578717
130411 -0.030581 -0.0829753
116203 -0.101125 -0.0279017
37065.1 0.0134704 0.23642
10400.8 -0.302037 0.082243
58371.7 -0.174614 0.135041
290234 -0.0304507 -0.0427097
79879.8 0.0626805 0.198744
93499.6 -0.121973 -0.00985288
23056.1 -0.261569 0.0632983
317017 0.103551 0.137306
57858.1 0.230294 0.0433724
21694.4 0.0498621 -0.255405
31035.1 -0.230649 -0.0623256
41357.9 -0.212401 -0.123493
19159.2 0.181625 -0.183981
9513.26 0.0466373 0.280702
48617.3 -0.190666 0.0182686
29793 0.0221774 -0.184278
3306.68 0.102809 0.284388
14048.7 0.302749 -0.0716334
416919 -0.0462691 0.105486
83504.9 -0.0790087 -0.131307
105044 -0.0983617 -0.0977146
29290.8 0.265788 0.025027
51478.7 -0.194564 0.0515039
8825.8 0.0491992 0.282915
7131.15 0.131357 0.239885
116994 0.116665 -0.104576
42414.7 0.103792 -0.159304
22175.9 -0.240524 0.142228
128334 -0.0888028 -0.0378433
1.34749e+06 0.0632612 0.0487627
76416 -0.0890932 0.20194
16132.9 0.300329 -0.0479129
106146 -0.128618 -0.101431
1901.7 0.135216 0.282579
23342.6 -0.208586 -0.18985
979318 0.00859505 0.0842223
17677.5 0.179872 -0.191076
53448.8 -0.203651 -0.0905406
26410.9 0.258758 -0.0270787
153067 0.0217489 0.183726
298123 0.161658 0.0666589
27172.2 -0.220713 -0.158469
117984 -0.105628 -0.0037479
262870 -0.0721829 0.015158
118433 0.107237 0.171774
25504.4 0.252523 -0.04778
121544 -0.0513215 0.188999
3694.52 0.100139 0.281123
33336.1 0.223937 0.134601
9803.67 0.18583 0.212272
22395.6 0.214687 -0.140822
22695.2 0.285117 0.0681732
102354 -0.126084 -0.114744
65955.3 -0.150704 -0.161038
40035.8 0.197381 -0.110334
14765.8 0.279217 -0.0879315
37770.9 0.248844 0.0719051
702922 -0.0267724 0.0248503
57643.9 0.136841 0.179048
2833.55 0.118004 0.277134
133946 0.0382466 -0.102779
156136 -0.110684 0.107305
38924.5 -0.0626747 -0.246872
18029.5 -0.239337 -0.166919
367267 0.0342912 0.14989
108918 0.138168 -0.0977831
11312 0.0725768 0.254866
19831 0.270893 -0.0514993
600314 0.129714 0.0639322
26815.8 0.175072 -0.164436
18461.2 0.035928 -0.290637
45956.2 0.17104 -0.129503
9688.64 0.192118 -0.234225
43350.4 -0.213245 0.0547887
17409.9 -0.247968 0.154649
153788 -0.100907 0.030572
19354.2 0.0810947 -0.2419
36833.6 -0.00441312 -0.169048
74042.1 -0.0526471 -0.122371
108197 -0.107678 -0.0468548
651486 0.0971449 0.103955
550698 0.136397 0.0245841
20056.9 -0.258346 0.124257
65599.4 -0.0227689 -0.122056
51706.8 -0.16509 0.162285
158303 0.037117 -0.096398
24909.9 0.0356127 -0.24086
49854.5 -0.0581614 -0.201682
897098 0.0178936 0.0982981
1.11526e+06 0.0904887 0.0494084
2385.58 0.111569 0.294832
407708 -0.0211528 -0.031684
30924.4 -0.22862 -0.0432698
650278 -0.0349686 0.0455207
214918 -0.0922552 0.0773506
10596.3 0.238359 0.198225
9218.26 -0.293091 0.00552118
47941.8 -0.199647 -0.0292992
47748.9 -0.0170586 0.232969
47109.8 -0.0867033 -0.221536
40690.8 -0.0242905 -0.189289
68419.1 -0.151691 0.0165629
37834.6 -0.199803 -0.159838
75606 -0.164959 0.10055
33335.4 -0.00277582 -0.206195
74486.3 -0.145196 0.0258318
435782 0.0751453 0.136392
145048 0.170179 -0.0439473
209192 0.159542 -0.0326139
7461.4 0.043436 0.299565
7338.48 0.213261 0.219318
472011 -0.0522735 0.052565
79326 0.122194 0.177107
31332 -0.170594 -0.207627
22231.7 -0.258513 0.108135
182670 0.150448 -0.0551232
59104.7 -0.18078 0.119636
42454.9 -0.188934 0.148626
28069.8 0.208227 -0.128214
505959 0.126928 0.0894963
6704.1 -0.302369 -0.0111045
22776 -0.245926 -0.0867585
75109 -0.157736 -0.140948
18218.3 -0.265798 0.0231666
295134 0.121341 -0.0536726
78744.8 -0.150242 0.0527389
8149.14 0.0609835 0.277167
82126.9 0.145582 0.161683
37047.4 0.24494 -0.00708969
21099.6 -0.0291897 -0.306175
565235 0.080624 0.121898
758950 0.119668 0.048128
23602.1 -0.227917 0.152379
21039.9 0.102155 -0.212825
1.39684e+06 -0.0396019 -0.0868083
374339 -0.0845339 0.115064
841323 -0.161965 -0.0519538
32656.9 0.130004 0.24983
257811 0.174055 -0.0815529
72038.3 -0.194883 0.128935
89658.4 -0.0374409 0.220584
26838.9 -0.256002 -0.14856
1.43021e+06 0.0555748 -0.0704805
862707 -0.160697 -0.00138054
28145.9 -0.199214 0.207376
384963 -0.0995572 0.105904
236211 -0.173513 0.080309
29619.6 -0.285558 -0.0820279
38031.8 0.0317105 0.270016
40402.7 0.0213141 -0.244398
854595 0.0494736 -0.0995769
1.57504e+06 0.119612 0.047411
2.23961e+06 0.0786694 -0.0270596
14664.9 -0.250678 -0.182696
2.4933e+06 0.0272222 -0.0315164
1.64273e+06 -0.0932729 -0.0710142
256160 -0.189587 0.0550662
171963 -0.203462 0.0597348
22361.5 -0.119791 -0.235382
4477.42 0.297358 -0.00581674
1.04497e+06 -0.0867757 -0.10426
83640.4 0.0369004 -0.207263
55570.5 0.0747431 -0.219621
17403 0.0684596 -0.279677
1.80553e+06 -0.109826 -0.0430214
32579.3 -0.181355 0.202294
2.02343e+06 0.0419813 -0.049308
37718.8 -0.251118 0.0986269
607430 0.142242 0.0957189
705975 -0.126885 0.0614822
144826 0.187037 0.111525
5664.05 0.279505 0.110485
11793.8 -0.019653 -0.31168
24407.4 0.115125 -0.245219
32616 0.122901 0.253083
565926 -0.183487 -0.0337
20796.3 -0.271808 0.155895
2.07525e+06 -0.013186 0.0559443
189811 0.199449 -0.0480134
140832 -0.202888 -0.12597
6831.97 -0.174197 -0.254057
2.52027e+06 -0.0430257 -0.00993962
209684 -0.00723525 -0.169262
7486.56 0.282725 -0.105646
1.12373e+06 0.140297 0.0378684
49930.6 -0.0193737 -0.231458
763984 -0.0171332 -0.115412
6270.87 0.278943 0.138028
1.12638e+06 -0.12588 -0.0807607
15043.6 0.0165104 -0.296175
10628.3 -0.218306 -0.216572
14123.8 -0.20293 -0.215691
250580 0.187135 -0.0564558
178640 -0.217868 0.0232979
1.25871e+06 -0.0570395 -0.0952897
31283.8 0.220388 0.146308
1.22154e+06 -0.0389977 0.0799948
47153.4 0.242336 0.0145089
10988.1 0.25713 0.150222
16188.8 -0.162949 0.262402
20009.1 -0.307569 -0.0568811
291584 -0.118741 -0.152199
4776.71 0.284761 0.110206
417612 -0.191684 0.0051483
34871.1 -0.243486 0.136857
11070.3 0.0226064 -0.312868
8456.47 0.267126 0.13562
1.01811e+06 -0.0307442 0.0969939
61796.9 -0.252784 0.0266971
342311 -0.192527 -0.0818547
2.91889e+06 0.0112284 0.0223051
161951 -0.0879867 -0.178744
756031 -0.013054 0.12558
67573.5 -0.259023 -0.0450212
23866 -0.293406 0.00207871
14186.6 -0.0376987 -0.29701
24128.7 -0.235445 0.197619
19121.6 -0.192989 -0.211119
244450 -0.175877 -0.126685
1.43255e+06 -0.115157 -0.0690323
79750 -0.253017 -0.0228631
343547 -0.145249 -0.134066
21378.7 0.0689249 0.287334
26234.4 -0.250749 -0.155981
15821.1 0.149864 -0.251854
1.71862e+06 -0.072309 0.0352264
2.99259e+06 0.037638 -0.00416233
100911 -0.216828 0.0748565
15604.6 -0.0863487 -0.268249
2.23386e+06 -0.020103 -0.0439973
11817.7 -0.0534981 -0.307519
593338 -0.171525 0.0196159
21157.8 -0.174198 0.238807
10316.8 0.271452 -0.114013
681174 -0.0859895 -0.125505
1.74692e+06 -0.06199 0.0395164
2.77247e+06 0.0734187 0.0362322
392002 -0.189932 0.0188976
1.97426e+06 -0.0926133 0.00435806
165292 0.0483626 0.209943
48665.6 0.0870284 0.249531
50037.5 -0.0116624 0.257009
60177 -0.201182 -0.166293
11225.8 0.134156 -0.278805
1.46176e+06 0.108398 -0.0407611
83048.9 -0.250309 -0.0618056
924479 -0.105699 0.0597595
574365 0.01163 0.151146
94802.7 -0.245014 -0.00281306
66862.3 0.0639767 0.243323
457932 -0.0401989 0.134531
1.6383e+06 0.0510089 -0.0628238
421793 0.179751 -0.0125926
1.83572e+06 -0.111852 -0.0180938
12013.2 -0.113543 -0.266711
1.08673e+06 0.131237 -0.0365126
119635 0.202093 0.0905894
17747.2 -0.117593 0.276129
80179.2 -0.236463 0.0505465
116722 0.219135 -0.0191967
149430 -0.1163 0.138268
114467 -0.10804 0.155152
85629 -0.238388 0.0381934
33057.5 0.068152 -0.246787
12568.4 0.227332 -0.212713
426913 -0.0399571 0.138351
1.29777e+06 -0.0234564 -0.088465
84012.2 -0.00647455 0.23537
15482.3 -0.314641 0.000253819
26043.3 0.254351 0.0308578
116943 -0.00851607 -0.193913
104658 0.217622 0.0490859
36076.4 0.206183 0.167351
35060.7 -0.177557 0.197552
422984 -0.155589 -0.116913
1.46076e+06 0.0560055 0.10579
165705 -0.0832825 0.153635
27324.3 0.103096 -0.24451
24683.2 -0.143952 0.237536
115044 0.146617 0.17849
2545.9 0.311663 -0.0179918
8659.48 0.27449 -0.132331
15207.7 -0.0671355 -0.28129
2.64838e+06 0.0255097 0.0536883
974473 0.117014 -0.0635873
1.50026e+06 -0.126324 -0.046492
53457.7 -0.267344 -0.0385256
18403.7 0.144716 -0.24604
21742.2 0.138849 0.266654
253443 -0.209074 0.0108739
2.17845e+06 -0.0861054 -0.0343056
38774.2 0.179275 -0.182214
31974.6 -0.119918 -0.223293
227645 -0.201608 0.0420514
167543 -0.0699362 0.163366
83957.9 0.214088 -0.084572
1.63315e+06 -0.0292918 -0.0742335
30475.7 0.220783 0.14765
735110 -0.055893 0.0989954
1.11598e+06 0.00408806 0.112482
8198.97 0.2819 0.0145223
25730.9 0.191776 -0.194527
1.12282e+06 0.0195361 0.118078
18214.8 -0.13694 0.264628
44478.8 0.0178447 0.264439
127161 -0.19879 -0.135871
172300 0.140478 0.164874
127558 0.116166 -0.167746
2.30203e+06 -0.0753979 -0.0109933
262931 0.0426679 0.190833
29093.8 -0.138881 0.226357
2.75056e+06 -0.00920411 -5.40183e-05
37868.4 -0.256907 -0.126231
38995.1 -0.277724 -0.0205938
17963.6 0.109971 0.285806
2597.96 0.311956 -0.0264624
79462 -0.0687933 -0.204869
59992.6 -0.249447 -0.105474
192993 0.060682 -0.165633
31948.2 0.0629125 -0.249875
18605.1 0.197497 0.241006
198165 0.182527 -0.0855625
68477.7 0.0908501 0.234565
17118.7 -0.227311 -0.194593
456267 0.102923 -0.11522
876680 0.112082 0.107583
37107.4 -0.151412 0.201964
1.23766e+06 -0.138447 0.0015578
2.42081e+06 -0.0257835 0.0249727
28465.3 -0.259255 0.1289
21015.9 -0.170709 -0.218351
3910.1 0.300952 -0.0114449
26118.8 0.0715403 0.278521
15546.6 -0.0590418 0.307663
1.65995e+06 -0.0552681 0.0476989
17383.7 0.138474 0.279453
1.43365e+06 0.124838 0.0482269
776420 0.0422218 0.141087
1.82325e+06 -0.0522088 -0.068546
16555.4 0.268725 -0.0297735
56407.6 0.181683 -0.159734
20073.4 0.0380592 -0.278589
14551 0.262244 -0.106051
18634.8 -0.0898327 0.285837
51016.9 -0.240468 0.087294
695321 -0.150763 -0.0916664
2.90472e+06 0.0182988 -0.006797
2.61105e+06 -0.024006 -0.0123122
19472.6 0.103706 -0.261762
56245 -0.108352 0.194879
27101.6 0.159115 -0.216785
66596.4 -0.259092 -0.0233717
695249 -0.13144 -0.108272
2.5298e+06 -0.0144001 0.0281458
770975 -0.167997 -0.0452218
17741.6 0.0382689 0.300249
1.28914e+06 -0.113191 -0.0800946
1.09292e+06 0.0610735 -0.0847112
20518.1 -0.264064 -0.15345
171198 -0.227823 -0.0243813
108694 0.0261999 -0.195811
286271 -0.166151 -0.127614
26591.9 0.0128689 -0.265894
64243 0.210949 0.113745
2.01201e+06 0.0207942 0.0795209
665128 -0.0372864 0.1168
161145 -0.175117 -0.146268
122817 0.162247 0.158732
23274.1 0.226118 0.160417
1.38029e+06 0.0715389 0.105471
20001.2 -0.00427882 -0.280435
10847.5 0.173648 -0.26214
2.69927e+06 -0.00990669 0.0169075
217992 0.177318 -0.0877907
24909.6 0.219626 -0.162487
604032 0.168152 0.0214406
30223.2 -0.287491 -0.0195737
23222.4 0.218287 -0.169971
2.72215e+06 0.0803815 0.0126113
10899 0.00130008 -0.315978
570015 -0.160975 -0.0935508
5898.22 0.278416 0.0982782
104055 -0.16802 -0.167772
22039.9 -0.281615 0.0716688
694350 0.00164803 0.137716
653918 -0.166054 0.0212391
2.19226e+06 -0.068069 -0.0463351
258172 -0.180754 0.0670197
76729.5 -0.25482 -0.0361388
47929 0.198331 -0.149614
14082.3 -0.0189688 -0.300021
579862 0.133335 -0.081633
11416.2 -0.0873392 -0.293162
2.23895e+06 -0.0198684 -0.0437035
44927.9 -0.135515 0.194101
824867 -0.121683 0.0561923
48942.2 -0.0704876 0.233102
770814 0.0307144 0.140629
163313 0.204947 0.051916
178990 -0.0120619 -0.176178
5598.42 0.282025 0.07135
2.11328e+06 0.0748355 -0.0354424
30508 0.00307276 0.279777
70836.5 0.187232 0.154797
362000 0.0180266 0.174953
3876.62 0.291697 0.0599801
22507 0.0816052 0.28244
439864 -0.0966334 0.101441
31533.9 -0.284333 -0.00983823
29440.5 -0.122217 0.233694
238787 0.00588018 0.191449
28838.7 -0.207109 0.201369
1.38148e+06 0.0210194 -0.0774414
88575.1 -0.116786 0.162845
31592.8 -0.259971 0.0988814
69825.1 -0.167424 -0.181879
28122.8 -0.0257233 0.280812
13634.6 0.190059 -0.23814
1.33291e+06 -0.0493129 -0.0911142
1.50714e+06 -0.0122772 -0.0767638
79269.9 -0.170968 0.140771
48043.9 -0.0995045 0.212246
60802.7 -0.196384 0.140525
487589 -0.188872 -0.0433778
34353.1 -0.241663 0.143703
11439.6 0.274743 -0.0739866
43600.9 -0.0293403 0.25909
8997.65 0.280055 0.0131446
16952.2 0.00542608 0.305601
35934.2 -0.282204 -0.0420933
12446.9 0.176962 -0.251818
1.50303e+06 -0.125038 -0.0491319
607699 0.162784 0.0514161
566712 0.159828 0.0680403
2.89681e+06 0.0583577 0.0412915
443917 -0.142881 -0.123839
255212 0.0427652 -0.155634
1.1052e+06 -0.143734 0.00659388
59865.8 -0.217356 0.11729
366860 0.181366 -0.0303877
20756.8 -0.269827 0.162339
267215 0.0138419 0.188131
2.42336e+06 0.0830591 0.0498338
178843 0.0815877 -0.164829
148095 -0.218938 0.0390496
24447.6 0.250066 0.0637055
128936 -0.095293 -0.185079
20053.7 -0.146973 -0.22909
15839.5 -0.0760175 -0.273428
119111 -0.187945 0.103471
2.64727e+06 0.0822786 0.00562295
236372 0.000508344 -0.163482
42266.8 0.241359 -0.0623486
17606 -0.311052 -0.0138082
31680.2 0.0347376 -0.255595
2.53009e+06 0.0809234 0.045346
252563 -0.21418 -0.0188529
53092.8 0.000787512 -0.230603
238469 -0.208819 -0.0774372
29860.5 -0.141477 -0.218562
148811 0.0885274 0.203881
17916.8 0.256583 -0.102969
695076 -0.00805008 -0.118162
14749.4 0.117143 -0.271117
225171 0.165778 -0.102206
471672 0.156543 0.0899937
17537 0.158808 0.271326
10423.7 0.262695 0.104938
26734.2 0.0342044 -0.264302
223121 0.0457355 0.197647
33895.8 -0.158225 0.2068
377435 -0.0218736 0.15692
192599 0.195439 0.0697005
662226 -0.0829654 -0.12712
61182.2 -0.171378 0.157021
33369.4 -0.145332 0.212656
178450 0.0490279 -0.170775
24307.4 -0.141565 0.239759
2.15555e+06 0.00917981 -0.10078
36848 -0.0393628 -0.255937
557120 0.0210145 -0.169715
23190.5 -0.0481705 0.305531
26863.3 -0.10786 0.278882
24814.6 0.0965347 -0.272839
1.05534e+06 0.160148 -0.0226467
19190.8 0.0306815 -0.300516
1.20208e+06 -0.109891 -0.00852759
2.61376e+06 -0.0809406 0.0396794
439188 -0.169452 0.0477143
9565.83 0.307092 -0.0340324
34567.1 0.216446 0.164973
530083 -0.0781784 0.174946
12552.9 0.229256 -0.19531
20682 0.163164 -0.233798
181778 -0.138087 0.176273
122897 -0.200118 0.120793
134875 -0.214234 0.0699779
198905 0.191274 -0.0948447
162078 0.216171 0.0697456
404885 0.180513 0.0886588
63174 -0.128565 -0.166549
9829.59 -0.311776 -0.00268592
45479.6 0.204492 -0.153108
87447.3 -0.225966 0.0918672
270901 0.207153 0.0012974
6.01894e+06 -0.015428 0.0208849
109302 0.0793816 0.230591
2.19336e+06 -0.0628962 -0.0330035
77248.9 -0.182304 -0.0952774
12046.1 -0.180451 0.258223
6.79925e+06 0.0347116 0.0583068
18106.8 -0.211833 -0.174978
15406.1 0.295847 0.0863677
49216.4 -0.17737 0.197444
509857 -0.0885555 -0.101582
132600 -0.138701 0.189452
81174.9 -0.22418 0.105745
85945.2 -0.109904 -0.170816
1.19339e+06 -0.0151853 -0.123453
87087.5 0.234195 0.0755555
4.91982e+06 -0.0349735 0.0203729
777967 -0.0308651 -0.135804
548568 0.177611 0.0697118
592832 0.0798581 0.176263
347562 -0.163866 0.106313
192778 -0.0492409 -0.185812
19528.3 -0.225954 0.193623
2.98632e+06 0.0529044 -0.0824044
12384.9 -0.217963 0.221427
192536 -0.17226 0.135232
34054.4 -0.0278777 -0.263261
591881 0.154334 -0.09211
5.89743e+06 -0.0177707 0.0545463
206306 0.1214 0.187008
712220 0.131551 -0.112574
1.18213e+06 -0.0283557 -0.115182
12942.5 -0.256575 -0.179046
12370.5 -0.309106 0.0254612
909027 0.145769 0.0994956
230759 -0.109592 0.188727
14369.6 -0.308202 0.0455611
47800.6 -0.138965 0.231658
243191 0.169995 0.13502
1.14881e+06 0.019018 0.170083
2.2579e+06 -0.000664722 0.141656
3.67973e+06 0.00276286 0.115811
4.41727e+06 0.0798047 -0.0312012
16096.1 -0.213246 -0.188595
163065 -0.0499334 0.229976
66922 -0.155873 -0.132004
13051.9 -0.251203 -0.183576
1.1666e+06 -0.12366 0.0355509
44149.1 -0.226778 0.148692
122664 -0.101115 -0.162236
1.47986e+06 -0.0044179 -0.117308
31201.1 -0.210321 -0.118476
745468 -0.145437 0.0509867
145728 -0.159535 -0.0873144
18314.2 -0.260908 -0.0933689
1.55371e+06 0.146882 -0.0140065
171229 -0.0151387 -0.206091
108151 0.233814 0.00260512
165956 -0.0777176 -0.170855
97912 0.0345054 -0.232822
24202.2 -0.031169 0.304886
120305 0.007309 -0.223963
4.1015e+06 0.0809217 0.0792903
25676 -0.199356 0.2052
154640 -0.178618 0.139645
417438 -0.165274 -0.00056692
29418.7 0.266612 0.0962379
12071.4 -0.128034 -0.264558
217398 0.0114798 -0.203635
18961.5 -0.249745 -0.115235
16303.9 -0.184882 -0.207668
2.20173e+06 0.0958159 -0.0788703
46007.1 -0.233224 0.136697
5.74288e+06 0.0159714 -0.022109
295132 0.20458 0.0288374
6.78126e+06 0.00685204 0.0121805
25688.2 0.0602097 -0.28376
32818.4 -0.0870926 -0.237266
152208 0.18445 -0.122735
49521.3 -0.0783354 0.266255
181696 -0.204908 0.0535854
15280.6 0.174799 -0.24115
2.60094e+06 -0.0653965 0.0958993
100092 -0.0251673 0.25148
27824.5 -0.215233 -0.121905
102262 -0.206091 -0.0430436
3.21976e+06 0.0788395 0.100401
15581.1 -0.308422 0.0614064
42644.2 0.217436 0.154633
1.17223e+06 0.14315 -0.060489
1.43553e+06 -0.0950354 -0.0191672
112745 -0.0850313 -0.18209
24014.4 0.205689 -0.182829
14936.9 -0.211301 -0.198696
5.86851e+06 0.0167432 -0.0197234
695900 0.165619 0.0801469
67506.3 -0.241852 0.0488763
296895 -0.117869 -0.0966441
40130.5 0.241361 -0.0946068
121550 -0.189558 0.138711
12594.1 -0.0793178 -0.288104
59853.6 0.246651 -0.0340076
9227.68 -0.310491 -0.0309188
666740 -0.113819 -0.0523427
2.1058e+06 -0.0902992 0.0694797
63661.9 -0.122471 -0.173028
27671.6 -0.0022441 0.298211
2.65719e+06 0.0388687 0.131453
34732 -0.256442 -0.0118821
31399.4 0.0248114 0.289081
38139.8 -0.263262 0.0813695
260904 -0.184341 0.0856941
170866 0.213257 -0.0467387
67837.8 -0.121475 0.229787
4.38874e+06 0.0542646 0.0956285
26895.1 -0.0584852 0.297823
922038 -0.0481165 -0.112396
30906.5 -0.152876 -0.184102
263283 -0.0574424 -0.166958
646564 -0.151236 0.026304
127087 0.0641608 -0.219711
532097 0.0244002 0.196348
12810 -0.243016 0.201085
529461 0.0336005 0.195142
703616 -0.0704767 -0.104301
1.99532e+06 0.136323 0.0456928
65021 -0.219852 0.133
6.99767e+06 0.00471844 0.0327061
51540.6 -0.138517 -0.166876
120309 0.182858 -0.136915
201995 0.0872448 0.20787
4.14125e+06 -0.0384673 -0.00363498
1.03729e+06 0.0248036 -0.14348
7.12764e+06 0.0103056 0.0398716
16105.3 -0.282841 -0.0263114
39042.6 -0.0775833 0.276597
3.19365e+06 -0.0689967 0.044449
88079.4 -0.00432147 -0.233015
1.95316e+06 -0.00337706 -0.101364
16208.8 0.0910101 -0.301719
32788.1 -0.230867 -0.0844073
3.64591e+06 -0.0566737 0.0671769
104273 -0.151529 -0.113471
15282.6 0.231225 -0.177182
13600.5 0.23841 -0.175726
20101.5 -0.139334 -0.226086
8567.86 0.159919 0.272065
30933.4 0.271607 0.0617254
199572 0.216194 0.00341502
248950 -0.1623 -0.0525814
3.91817e+06 -0.0522233 0.064643
1.07333e+06 0.136229 0.103712
71579 0.24638 0.0276798
2.80904e+06 -0.0767621 0.0408866
35109.1 -0.0646518 0.285203
20908.3 0.0992572 0.277827
57554.7 -0.193046 -0.0991494
1.03916e+06 0.0285414 0.172752
13814.5 0.296145 -0.0174925
31854.6 -0.0199204 -0.268507
74920.9 -0.19693 0.156625
1.51361e+06 -0.0655481 -0.0595301
98516.2 -0.196822 -0.0619262
2.2774e+06 0.127638 0.0558987
30259.8 -0.271349 0.0353959
887597 -0.0383127 -0.123309
287900 -0.140939 -0.0711255
10334.1 -0.30626 -0.0153338
6.85827e+06 0.0526471 0.0357513
267055 -0.190355 0.0386872
264439 0.132796 -0.158176
2.19152e+06 -0.0357873 0.132613
3.38933e+06 0.0453451 0.116488
37917.2 0.0649524 -0.264691
2.82235e+06 -0.0578822 -0.0162047
932314 0.0243829 0.177206
400556 0.177132 -0.0753224
61669.9 -0.140973 0.219446
73674.7 0.183934 0.168672
260969 0.023542 0.219186
258827 0.201751 -0.0431704
537765 -0.160614 0.0380411
6.74111e+06 0.00276561 0.0524557
3.97156e+06 0.00724074 -0.0551233
135599 0.225832 -0.0143166
4.78438e+06 0.0820791 0.0599899
925137 0.161635 -0.0361887
6.3685e+06 -0.00797 0.052417
38861.9 0.223158 0.15219
1.04025e+06 -0.00118312 0.173853
173233 0.0230174 0.232092
510293 0.159387 -0.0933271
37482.2 -0.0838769 0.275887
3.17796e+06 -0.0676112 0.0610726
24417.5 0.277266 -0.0141372
722928 -0.121812 0.11975
103995 0.235279 0.00994919
5.98041e+06 0.066127 -0.00107023
577297 -0.149149 0.088072
1.11563e+06 0.154477 0.0641138
180325 -0.199048 0.0864322
22953.6 -0.223806 0.187685
25176.7 0.0414755 -0.287077
164320 0.198786 0.112142
184658 0.0133479 -0.209666
45741.1 -0.254347 0.025983
72722.6 -0.168825 -0.113473
29620.8 0.180878 0.204831
131838 -0.00539106 0.242895
1.07171e+06 -0.0904263 0.131919
726847 -0.0127425 0.185767
492610 -0.152526 0.0974756
907578 0.0125271 0.179048
223205 0.0763005 -0.196769
16208.1 -0.291519 0.0100921
1.84462e+06 0.0362807 -0.114751
47470.5 -0.0953152 -0.214077
15495.9 -0.216385 -0.190785
268475 0.122921 0.176946
34227.1 0.207836 0.174243
1.19567e+06 -0.115709 0.0841853
1.14294e+06 0.135017 0.101593
133237 0.21218 0.0992082
74619.3 0.2291 -0.0761418
4.14154e+06 0.054274 -0.0559661
1.63641e+06 0.0159946 -0.119023
1.33004e+06 -0.0202014 -0.114263
22203.2 0.0610126 -0.291101
19295.3 0.24694 -0.13613
5.30921e+06 0.0821188 0.0380075
767246 0.119691 0.139438
1.92694e+06 -0.0931658 0.0765804
278968 0.160628 0.140317
59842.6 -0.0466481 -0.233409
73901.5 -0.02451 -0.233954
1.01221e+06 0.12359 -0.101254
80306.3 -0.01197 -0.234576
54381.4 0.0351813 -0.254417
21053 0.285674 0.0251789
68471.9 0.247609 0.0130239
2.69255e+06 -0.0772676 0.0642362
3.06789e+06 0.0720253 0.108715
679559 -0.138495 -0.00989905
109252 0.0800005 -0.220316
474915 -0.141862 -0.0366139
664076 0.0993195 0.161076
3.30187e+06 -0.0407265 -0.0265415
1.36336e+06 0.151794 -0.0157055
28626.3 -0.0689886 0.292703
20279.3 -0.275093 -0.0179954
43503.9 -0.181328 0.199078
11026.2 -0.0423206 -0.309914
19541.2 -0.155566 -0.215128
4.03977e+06 0.057557 -0.0569296
210833 0.0943982 0.202913
5.57088e+06 0.00741413 -0.0210831
655922 0.00289545 -0.159542
6.77496e+06 0.0305445 -0.00139116
5.30864e+06 -0.00875502 -0.0131487
32037.1 -0.256012 0.130458
10498.6 0.307592 -0.00636297
2.02085e+06 0.0401446 0.143987
575304 -0.00899298 0.19432
39721.4 0.113671 0.246303
443769 -0.00417226 -0.173533
11678.9 -0.199041 0.241173
34853.9 0.256922 0.104747
20697.3 -0.0250739 -0.285753
15314.5 0.275215 0.137495
27903.3 0.218 0.172352
29963.8 -0.245143 0.150954
37435.1 0.106301 -0.248377
1.08655e+06 0.162636 0.00145947
422222 -0.161741 -0.00904815
37784.9 -0.195191 -0.122541
30186.4 -0.236953 -0.0807056
1.59945e+06 -0.0929768 0.0995832
825401 0.106032 -0.12893
1.01769e+06 0.0327673 0.172846
2.08693e+06 0.0486029 -0.106629
176714 -0.204724 0.0646286
2.49442e+06 -0.0160672 0.133535
41928.1 0.134265 -0.225959
25372.4 -0.0857334 -0.250186
1.05555e+06 0.030958 0.171814
364710 -0.15534 0.117953
41616.8 -0.0882304 -0.225448
360094 -0.0312336 0.207045
18513.8 0.241441 -0.148425
343866 -0.0879524 -0.124294
359747 0.125616 -0.151372
2.10627e+06 -0.0830062 -0.00075955
212288 0.170478 0.14052
31295.1 -0.23622 -0.0787084
600366 -0.014983 0.192198
13626.7 -0.0681623 -0.289034
37160 -0.0144811 -0.263641
475392 0.0506526 -0.1753
31056.8 -0.257192 0.131509
349051 -0.132335 0.150615
595745 -0.128672 -0.0393394
103736 0.19702 0.139121
2.39191e+06 0.0303542 -0.0989924
1.8879e+06 -0.0362468 0.140192
21420.1 -0.200542 -0.16587
879314 -0.0443486 0.170786
16783.9 0.29479 0.0441199
6.51263e+06 0.0276323 -0.00818989
100157 -0.122112 0.213595
25770.5 0.264648 0.115019
12163.7 0.222416 -0.206977
18030 0.0987938 -0.290826
417732 -0.162482 0.0910822
1.11959e+06 -0.0902933 -0.0477948
1.48063e+06 0.0995705 0.126959
37272.7 0.0359758 -0.258383
15339.2 -0.0479528 0.291715
882845 0.188035 -0.0391553
113834 0.00385001 0.244528
5.05809e+06 -0.0620633 0.111754
7.4953e+06 -0.0640398 0.0855281
3.42105e+06 0.145399 0.0689678
7.20907e+06 0.12252 -0.0200801
1.93316e+06 0.145985 -0.0748563
17029.2 -0.0041221 -0.290322
120247 0.177835 -0.155463
1.26495e+06 -0.136276 -0.0107828
126144 -0.16261 -0.128036
13116.1 0.0754351 0.306075
73530.2 -0.193118 -0.117381
30067.9 -0.10224 -0.267131
2.95842e+06 0.157742 -0.0153208
170435 0.106074 0.215741
19521.7 -0.235801 -0.166643
62063 0.0595617 -0.237302
15583.8 -0.296019 -0.0503388
2.63885e+06 0.109988 0.129944
9.25077e+06 -0.0616743 -0.0144623
53382 0.254516 0.0490071
10297.8 -0.213155 0.196951
255682 -0.178588 -0.0318016
70959.6 -0.0513303 -0.246035
8.18932e+06 0.00487715 -0.0751468
63154.1 -0.161198 -0.18716
25196.2 -0.271971 0.0449469
10606.5 0.297888 0.00372584
54160.8 -0.0726858 -0.253442
4.79706e+06 0.141049 0.0459256
482253 -0.151545 -0.0488272
34742.8 -0.147275 -0.233933
47324.9 -0.0196077 -0.259424
102591 0.244302 0.00118878
2.48726e+07 0.0248387 0.00199268
13399.5 -0.0666199 -0.30375
18097.4 0.242176 0.156971
411574 0.168803 -0.117461
4.07874e+06 -0.104794 0.0398459
1.50921e+07 0.0699669 -0.0309191
147129 -0.0219206 -0.218609
103189 0.242786 0.0323602
2.24062e+06 -0.10492 0.1039
14124.3 0.0304858 -0.290596
1.06257e+06 0.0334942 -0.151388
2.50777e+07 0.0236723 0.00376393
72015.4 0.191578 -0.160067
1.09286e+06 -0.0742522 -0.114507
281141 -0.171037 -0.0438154
3.03145e+06 -0.0431503 0.145948
358944 0.0423087 0.215675
54700.3 0.0795668 0.255865
20026.9 -0.0144688 0.290327
12189.4 0.143277 -0.277679
17229.1 0.272964 -0.0741179
1.17873e+06 0.044888 -0.147469
13101.9 0.167247 -0.261333
2.13316e+07 0.00231283 0.0606054
9909.45 -0.254283 0.151196
444716 -0.171847 0.0150362
1.13444e+06 -0.137711 -0.0169938
46002.2 -0.205384 -0.140526
313737 0.00506363 -0.190635
362552 -0.0626195 -0.17233
17039.7 0.27172 0.098337
1.04765e+06 -0.144142 -0.00191158
1.57978e+07 -0.0360791 -0.00227098
115113 -0.200277 -0.0543134
15369.7 0.048997 0.305411
14281.9 -0.0962516 0.277275
83229.2 -0.227396 0.024637
7.02717e+06 0.0939594 0.099299
7664.11 -0.111693 0.293462
1.3488e+07 -0.0526948 0.0296764
7.43995e+06 -0.0293614 -0.0644306
328498 0.144081 -0.149324
18448 0.0826718 -0.275821
336321 -0.109396 -0.139078
11559.2 -0.277464 -0.149508
27665.7 0.101931 0.267821
309081 0.196219 0.108841
16751.6 0.0987841 -0.277027
181982 0.228676 -0.0333405
218824 -0.14251 -0.119612
497925 0.104567 -0.158791
110350 0.202132 -0.128852
50829.9 -0.154337 -0.208285
1.35526e+07 0.0564352 -0.0471014
26014.6 -0.00324426 0.283155
13898.6 0.286538 -0.0364763
2.14405e+07 0.0648736 0.0152138
9.70367e+06 -0.00466022 -0.0639905
779719 0.0550102 -0.159058
1.23975e+06 -0.101339 -0.0802502
745027 -0.123988 -0.0739719
1.15113e+07 -0.0480686 0.0725085
65798.1 -0.114035 -0.229215
44728.7 0.248359 0.0920898
1.01472e+06 0.0320921 -0.152868
8.50442e+06 0.00821173 0.12073
26506.5 0.273074 0.0076969
566799 -0.134025 0.131879
17035.5 0.0302243 0.302041
243249 0.0399826 -0.196615
1.83375e+06 0.170633 0.0518231
5.83728e+06 -0.0837812 -0.0113447
3.2283e+06 -0.109279 0.0633121
1.95007e+07 0.0565171 0.0595196
93052.8 0.241964 0.0533477
100073 -0.0263704 -0.233336
287050 0.0700487 -0.186596
13844.3 0.0654353 0.306842
8.08496e+06 0.00875151 0.122986
220720 -0.0410077 -0.201166
1.17272e+06 0.0331012 0.186157
71992.2 0.0925646 -0.224935
34727.9 -0.257392 0.0508231
10063.1 -0.31041 0.0391611
355458 -0.0720491 0.198341
683965 0.0978139 -0.151554
8775.58 0.14728 0.279511
175522 -0.0343317 -0.211388
408402 -0.0445538 0.205173
1.0174e+06 -0.144067 0.0722625
17031.6 0.181118 -0.236016
13197.2 0.236383 0.179035
1.70354e+06 -0.094364 0.131181
830026 -0.0365294 0.188743
5.61351e+06 -0.00121587 0.136512
4.66855e+06 0.111466 0.10316
5.82403e+06 -0.0830904 -0.0133348
33649.5 0.113405 -0.246407
2.92847e+06 -0.0727215 -0.0724067
1.22501e+07 0.0309851 -0.0584422
11489.2 -0.205334 -0.234442
5.11474e+06 -0.0891763 0.0716056
10573.7 -0.312471 0.018283
23574.6 0.0526203 0.28701
1.39996e+06 0.153004 0.109433
6026.78 -0.232413 0.199582
2.41735e+06 0.0463451 -0.124036
20697.6 0.0385318 -0.277256
6493.18 -0.241464 0.186791
20513.9 0.200335 -0.204129
8142.25 -0.250957 0.165476
8.49336e+06 0.0821938 -0.060677
85044 0.0757674 -0.223554
15686.7 0.226193 0.184451
1.05709e+07 0.0343046 0.109886
22215.1 -0.0555583 0.276931
19601.3 0.167506 -0.240952
42668.1 0.112186 -0.237658
123495 -0.167078 0.152764
1.62939e+07 0.0876562 0.018889
798085 -0.147754 -0.0186207
7.78841e+06 -0.0438779 -0.0505781
2.64624e+06 0.0759431 0.150859
465314 -0.0722098 -0.15489
34436.4 0.248745 0.108861
59550.5 -0.0550852 -0.25229
20126 0.0188415 0.294553
585234 0.178488 0.110435
3.32032e+06 -0.0737001 -0.06518
1.0932e+06 -0.0786049 0.161034
10559.1 0.284663 0.118767
5.70581e+06 0.118417 -0.0483976
46432.6 0.260964 0.00562589
1.36763e+06 0.0187138 -0.14311
24940.5 -0.277794 -0.0343308
2.80006e+06 0.0547885 -0.11782
7.37578e+06 -0.0602538 -0.0354404
31916.5 0.139173 0.243564
2.15238e+06 -0.11558 -0.022677
798346 -0.109756 -0.0911195
1.06271e+06 0.0736067 -0.145701
3.09092e+06 -0.110847 0.0631403
47355.8 0.157719 0.218581
275115 0.00371783 -0.195166
1.52985e+06 0.102897 -0.122214
8334.69 0.308951 0.00891258
290081 -0.0499996 -0.187332
339182 -0.148242 -0.0788142
28728.1 -0.19375 -0.194847
4.66949e+06 -0.0957112 0.0630922
30299.6 0.0304203 -0.266112
898636 0.00817938 -0.155833
250940 0.16748 0.158578
45571.2 -0.235068 -0.080976
58248.3 -0.196876 -0.133724
114590 -0.193471 -0.0710183
5.10982e+06 -0.0398257 0.127141
19551.4 0.126931 -0.26376
3.85402e+06 0.111327 -0.0786977
7810.53 0.0233983 -0.310137
56966.2 -0.231026 -0.0616909
7.89682e+06 -0.0109449 0.120288
32735.2 -0.186521 0.181562
111816 -0.169605 0.153512
12836.1 -0.2262 -0.208434
38287.7 -0.125322 -0.245845
31321.5 0.220275 -0.15624
249767 -0.139047 0.159503
7.09523e+06 -0.0231423 0.120784
12421.7 -0.164299 -0.265377
83683.4 -0.194921 0.127636
262533 -0.122082 -0.138853
5.04037e+06 -0.0692886 -0.0478038
143827 0.219348 0.0985411
12793.7 -0.305578 0.0127761
1.67646e+06 0.177275 -0.000499895
185713 0.0657827 0.227763
248967 -0.0314236 -0.197436
57842.9 -0.233138 -0.0534398
1.66197e+07 0.0388133 -0.0387165
74385.5 -0.230589 -0.014363
13888.6 -0.2866 0.0736783
56806.4 -0.235079 -0.0502182
73752.6 0.249621 0.0344058
110531 -0.199156 -0.0614499
2.90682e+06 -0.0601023 -0.0846573
15359.9 -0.0260225 -0.296978
44554.6 0.257171 0.0564985
1.64476e+06 0.0263689 -0.137483
2.02728e+06 -0.121001 0.0772918
1.58839e+07 0.0175942 -0.0420882
142235 -0.204684 0.0576448
406279 -0.142909 0.134535
134791 0.222301 -0.0810551
9.15769e+06 -0.00874353 -0.0652347
72107.9 -0.208469 -0.0864869
39228.4 -0.129897 0.227812
1.64132e+06 -0.088969 0.138014
11692 -0.247189 -0.19305
115303 -0.213662 0.0443427
90068.9 0.220463 -0.107427
16529.9 -0.0904969 -0.292863
49075.8 -0.0715224 -0.257359
2.64348e+06 -0.0703942 0.134365
1.53307e+06 0.0789485 -0.132277
2.29667e+06 0.102102 0.141111
48585.1 -0.24953 0.0203665
1.69561e+07 0.0749547 0.0537572
63678.6 0.116996 0.236849
1.84496e+06 -0.0600334 -0.103865
158745 0.218086 0.0959884
24101.5 0.0416114 0.287438
82002.6 -0.227971 0.0246034
12327.3 -0.186276 0.219361
8.31828e+06 -0.0191487 0.115051
16383.5 -0.0235252 0.296099
186852 -0.10372 0.198963
16689.4 -0.296381 -0.0119431
489784 0.102492 0.188969
2.05368e+06 0.0557729 0.165994
8308.05 0.309063 0.043547
233569 0.200353 -0.0970938
219382 -0.0601269 -0.197154
25088.1 0.267951 0.0693627
2.57101e+07 0.0288128 0.011194
2.71094e+06 -0.102496 0.095885
764516 -0.0880896 -0.118058
1.03218e+07 -0.0668861 0.0316116
1.74858e+07 -0.0331743 0.00917111
333076 0.150906 0.166113
799387 -0.0390128 -0.148741
34108.2 -0.0857173 -0.267715
13521.7 -0.110495 -0.294132
9.28197e+06 0.0142033 -0.0712841
2.83908e+06 -0.0589392 0.139641
265008 -0.10157 -0.162433
9.512e+06 -0.0344663 0.0997993
660805 -0.0266308 -0.160132
661119 -0.145101 -0.0410941
16079.3 0.0774031 0.29596
254432 -0.0355268 -0.196014
104624 -0.216277 0.0490529
9.65418e+06 0.0860446 -0.0500181
38985.9 -0.235319 -0.0992765
3.57684e+06 0.1505 0.049067
287840 -0.18069 -0.0109032
641908 -0.0772574 0.178756
33981.2 0.0270017 0.276799
638625 -0.135318 0.124266
23630.8 -0.103621 -0.275689
1.27812e+06 -0.139014 0.00179725
15577.5 -0.0614691 -0.29871
209593 -0.0873703 -0.187186
427820 -0.154478 -0.0507662
3.18962e+06 -0.0868078 0.10942
11928.2 0.13444 0.277874
15139.5 -0.0179454 -0.296277
5.23277e+06 -0.0949869 0.0455784
1.35819e+06 0.182736 0.0303484
33706.3 0.0899137 -0.25261
31955.7 -0.265576 0.0301141
28630.8 -0.0493004 -0.278237
38769 -0.0335274 -0.267441
10887.4 0.262907 0.154669
118114 -0.208998 -0.0242323
6622.32 0.261448 -0.161432
1.60313e+07 0.0554214 0.135439
104002 0.167525 0.196742
527303 0.104887 -0.164724
1.08285e+07 0.0791753 0.136328
53533.7 0.0352009 0.273696
5.97095e+06 0.0634632 0.163341
8.55864e+07 -0.0386428 0.0221088
2.30086e+06 -0.124631 -0.0986759
4.60751e+06 -0.15471 -0.000437664
6846.08 -0.151909 0.27548
27483.7 0.0491759 0.288442
357963 0.0466332 -0.195902
67739.8 -0.0257271 -0.252994
12948.9 0.2215 -0.197853
22375.5 0.19795 0.205264
59396.3 -0.206085 0.163054
3.77512e+06 0.169734 0.0188943
33568.9 0.0463463 -0.28109
9.52089e+06 0.0230082 -0.115958
710956 -0.165131 -0.0918358
39726.9 0.0560817 -0.270863
4.75723e+06 -0.131109 -0.0614625
4.76419e+06 -0.0338896 0.176228
13217.6 -0.161667 0.24725
31932.2 0.25716 -0.0949486
6.64716e+06 0.0544529 -0.118985
1.51376e+06 -0.129867 -0.107225
8903.13 0.218457 0.208467
4.91054e+07 -0.0540458 -0.0311822
8.12879e+07 -0.000692447 -0.0244682
40819.8 -0.225252 -0.119385
4.28706e+06 -0.029881 -0.135013
16218.6 0.261667 -0.135788
1.58484e+06 -0.0498185 0.198744
8.68589e+06 -0.0927891 0.126973
9.6945e+06 0.144255 0.020729
24586.4 -0.0619658 -0.288099
26243.5 0.0606411 0.288232
1.75376e+06 -0.108555 -0.121355
3.0157e+07 -0.0179243 -0.075864
242297 -0.0159651 -0.208166
16418 -0.128268 -0.254298
136860 0.156046 0.200343
2.2399e+07 0.117071 0.0275262
7.11566e+07 0.0539836 0.0524076
2.8156e+06 -0.130436 -0.0849125
293539 -0.00267278 0.241296
39046.1 0.147023 -0.21872
1.24349e+06 -0.103651 -0.13439
1.02899e+07 -0.0235475 -0.111884
5091.96 -0.270296 -0.154572
9725.6 -0.213337 0.227031
9330.09 -0.130912 0.275603
1.91326e+07 -0.00286573 -0.0948966
886515 0.185807 -0.0623424
4.84892e+06 -0.0706854 0.161671
123502 -0.190767 0.159019
108411 0.0433497 -0.233546
1.72595e+07 0.122187 -0.00853353
2.03474e+07 -0.111766 0.0278145
13993.8 -0.166008 0.242812
5.64253e+07 -0.0261115 -0.0425164
4.37021e+06 -0.00356007 0.182881
4379.75 0.283247 0.135223
71445.8 -0.0967849 -0.213543
1.3506e+07 -0.114049 -0.0303993
7.80567e+06 0.0427202 -0.117885
7768.01 0.282486 0.105224
8.20715e+07 -0.00601588 -0.022752
21922.8 0.278711 -0.0611647
3.54533e+06 0.0770136 -0.127684
252621 -0.0264752 0.242026
1.80957e+06 -0.163807 0.0951616
8.07628e+07 0.0369801 0.0581179
70248.9 -0.144182 0.218428
1.13722e+07 0.128069 0.0767069
8.39541e+07 0.0243611 -0.0172583
4.09679e+07 -0.0526656 -0.0444978
27903.8 0.0983692 -0.264717
8.49792e+06 -0.00870434 0.164835
11259.7 0.308223 -0.0174002
1.77772e+06 0.0239208 0.203318
107427 0.14674 0.213694
12978.2 0.144746 -0.261588
227989 0.126764 -0.175059
739891 -0.143822 -0.115739
8.56647e+07 -0.00673389 0.0640844
4.66956e+07 0.0857467 0.0110971
59979.4 0.0095974 -0.262324
409657 0.0815111 -0.182179
334380 0.220276 0.0556198
43645.6 -0.25287 -0.0577782
24814.7 -0.0152554 0.290287
1.11353e+07 -0.00423102 0.157343
6.19536e+07 0.0302547 0.0841238
23893.1 0.128579 0.265478
141325 -0.0668584 0.243806
1.56088e+06 -0.0988508 0.176094
55419.6 -0.0702498 -0.242607
433125 -0.186383 -0.07896
559315 0.0499719 -0.18377
38498.3 -0.265813 0.0304009
509763 -0.172953 0.135337
3.2068e+06 -0.0273267 0.187663
15309.3 0.0117312 0.306572
118142 0.0842308 0.245919
1.57811e+07 -0.118745 0.0434676
2.09203e+07 -0.0388426 0.128944
493085 -0.173168 0.13624
1.5688e+07 -0.0847656 -0.0644652
8.72246e+06 -0.138705 0.0177548
58618.7 0.0206287 -0.26257
680602 -0.197385 0.0635998
6.75911e+07 -0.0164863 -0.0347144
51642.4 0.241163 0.10883
16339.2 0.261587 0.113455
3.88754e+07 0.0239534 0.110991
312562 -0.0300524 -0.198654
156397 0.19995 0.146274
34617.8 0.234693 -0.133915
8.13402e+07 0.0141325 -0.0236864
7.61924e+06 0.0190306 -0.122826
2.95919e+07 -0.0969651 0.00904494
128140 0.236095 -0.0479362
493978 0.21071 0.0639701
5.75456e+07 0.0115901 -0.0478044
11702.8 -0.142208 0.26244
7.91894e+07 -0.0405042 0.0442005
35248.2 -0.136074 -0.207395
1.64236e+07 0.115297 -0.0316545
1.37288e+06 0.189154 0.0617601
4.0017e+07 -0.0807894 -0.00455831
14586.9 -0.187925 0.226551
76368.6 0.229096 -0.101641
213652 0.178334 -0.132947
126727 0.102655 -0.206369
1.72173e+07 0.126299 0.0245522
10499.8 0.3006 -0.0907092
10229.9 -0.256619 -0.138611
510437 -0.00402277 0.230358
58059.6 0.202818 -0.153468
5.94072e+06 0.156582 0.0428263
1.22274e+06 0.187557 -0.0372436
2.88983e+06 -0.0670531 0.177637
510690 -0.163206 -0.106258
329216 -0.00863952 0.238758
50736.7 -0.0308836 -0.265222
61945.5 -0.166131 -0.166391
847058 0.0886074 0.20181
8909.97 -0.144964 -0.27261
1.75864e+06 -0.0115256 0.203848
8.58887e+07 0.0455947 0.0115039
119285 -0.165911 0.187687
3.91731e+07 -0.0855174 0.0129374
356175 0.151777 0.180015
1.77126e+06 -0.0973448 0.173725
20277.1 0.0332475 -0.3047
4.41376e+06 0.070962 0.168599
5151.6 -0.31089 -0.0223165
3.77977e+06 -0.156358 -0.0182247
3.18467e+07 0.0716676 0.095446
370857 -0.16781 -0.111554
55935.6 0.0340373 0.272856
9.72452e+06 -0.0364507 -0.11027
1.25029e+07 -0.119303 -0.0241297
2.6281e+06 -0.0287105 0.192195
183042 -0.0390159 -0.21122
16113.3 -0.220809 0.194328
1.43088e+07 -0.0854392 -0.0679724
3.7242e+06 0.0689477 0.174087
4.85869e+07 0.00456605 -0.0571766
85634.9 0.18326 0.185628
9.0485e+07 -0.0222771 -0.00347901
15869.7 0.285985 -0.0783611
4.24328e+07 -0.0818659 0.0322047
37393.9 0.248636 0.105479
2.95648e+06 0.0779 0.17621
1.01364e+07 -0.0903196 -0.0778995
45583.6 -0.137428 -0.197726
19116.1 0.13346 -0.255572
22102.9 -0.173558 -0.191098
3.7656e+06 -0.15857 -0.00893011
88062.4 -0.2337 -0.0626994
537949 0.128331 -0.149489
13204.5 -0.129204 0.266494
2.72752e+06 -0.0656003 -0.134936
4998.03 -0.180931 -0.256039
2.19558e+06 0.167748 0.0933537
10111.9 -0.297158 0.0194242
4.76536e+06 0.00281593 -0.136149
485824 0.0349683 -0.189967
799464 -0.198463 0.0254919
2.40835e+06 -0.0822077 -0.129906
1.95841e+07 0.00884534 -0.0942599
506294 0.0922985 0.211687
7.13759e+06 -0.106199 0.121267
1.25071e+07 -0.127162 0.00818742
53507.5 0.243961 0.099701
4.11924e+06 -0.115926 0.132024
1.99357e+06 -0.176888 0.0341192
1.32381e+06 0.152881 0.139608
1.13973e+06 0.0416301 -0.168035
9.4778e+07 0.0362254 0.0267484
226738 0.046018 0.242876
86314.9 -0.167364 -0.155995
251482 -0.0268466 0.24206
5.98396e+07 -0.0600269 -0.0015728
7534.65 -0.168482 0.263086
18370.4 0.178497 -0.221647
5825.42 -0.25292 -0.168623
2.81855e+06 0.163343 -0.0458137
53951.1 -0.0568507 -0.251875
510650 0.207845 -0.0369962
4.63177e+07 -0.0259883 -0.0537495
6371.1 0.224603 0.213205
1.7045e+07 -0.0161145 0.142564
30421.6 -0.143412 -0.206187
3.6203e+06 0.148091 0.105664
3.58596e+07 0.0209412 -0.0697888
42053.1 0.132786 -0.226275
6.07864e+06 -0.133263 0.0892667
1.24315e+06 0.194766 0.0409773
4.3578e+06 -0.136398 -0.0571703
3.34498e+07 -0.00460376 -0.073729
17278.7 0.192616 0.219015
417030 0.135561 -0.151493
267295 0.0865397 -0.191671
171324 0.2346 0.048729
3.91013e+07 -0.0860772 0.0194938
15970.3 -0.168779 0.237141
11029.3 -0.280833 -0.0833272
4.48036e+07 0.0494438 0.0935857
2.52822e+06 0.179568 0.0211773
1.57521e+07 -0.091459 -0.0569481
54822.6 0.0249878 -0.264943
125899 0.221346 -0.0902661
31876.3 -0.194305 -0.162235
55894.7 0.109776 -0.230686
6.78343e+06 -0.144984 0.00584363
2.94084e+06 0.175766 0.0288807
40899.2 -0.0773513 -0.253197
33132.1 0.0779264 0.277665
17817.8 -0.227865 0.181516
54671.6 0.252034 0.0720283
2.81191e+06 0.176154 0.0386469
563315 0.208264 -0.0261155
1.02675e+06 0.0469606 0.211646
1.78393e+06 0.141874 0.142473
1.67599e+06 0.166364 -0.0682122
2.77367e+07 0.00133846 -0.0816019
2.79922e+06 -0.0636198 0.17997
354882 0.218598 -0.0250852
1.13501e+06 0.123946 0.17293
93784.9 0.0717866 0.254814
24103.6 -0.263185 0.0982171
3.96921e+06 -0.14451 -0.0470046
2.67927e+06 0.177901 0.0114734
134299 0.198597 -0.12522
1.03217e+08 -0.0109816 0.0125532
1.81429e+07 0.123132 0.0041823
1.17518e+07 0.115178 0.0978252
18094.3 -0.163399 -0.20692
20543.6 -0.133322 -0.234001
17527.5 0.131911 -0.260028
62420.6 -0.0564954 -0.244957
9981.13 0.244154 -0.189505
6614.86 -0.305899 -0.012531
4.84726e+07 0.0843146 0.0307026
11712.5 0.28668 -0.115013
193228 0.177477 -0.13744
1.56543e+07 0.128559 0.00754358
9.11251e+07 0.0284668 -0.00487217
21802.6 -0.174229 -0.190985
14672 0.232223 0.172073
1.6666e+06 0.186873 0.050654
329098 0.177186 0.154467
22468.2 0.256367 0.110774
1.92606e+07 0.0864576 0.107244
26510.1 -0.159073 -0.197314
26764.2 -0.0322833 -0.293873
9568.69 -0.139101 -0.275917
10146.9 -0.193779 0.236691
15290.3 0.136348 -0.261879
28259.8 0.0402187 -0.289868
40209.5 -0.23408 -0.106442
5.9893e+06 -0.0302115 0.17101
12502.8 -0.274881 0.115877
4.33316e+06 0.13706 0.114553
25282.6 0.143658 0.253106
172435 0.0256691 -0.219994
91329.6 -0.00986225 -0.242853
6.90596e+06 0.122249 -0.0695478
6.11977e+06 0.0451115 -0.12423
56480.3 0.207338 0.167407
8574.72 -0.24258 -0.163421
25289.8 0.0167919 0.292078
74205.7 0.185011 0.187493
72783 0.0458772 -0.248636
7.48776e+07 0.00679058 0.0766453
101894 0.0163434 -0.239508
3.94595e+07 0.083575 0.0655687
9.15394e+07 -0.0263613 0.041744
2.21761e+07 0.116352 0.00629107
9251.03 -0.170642 0.253651
4.78209e+07 -0.0220843 0.0989529
999900 0.0598278 -0.166917
98005.1 0.220222 -0.105436
5.53503e+06 -0.112235 -0.0797218
2.20975e+07 -0.01944 -0.0875184
503676 0.191351 0.116894
116993 -0.0583019 -0.218434
130463 0.0834654 0.2441
6.95788e+07 0.0238898 0.0786275
133834 -0.193668 0.152479
1.00908e+06 0.0959021 0.194097
2.59893e+06 -0.0151449 0.194539
1.49863e+06 0.187167 -0.020675
2.1566e+06 -0.171246 -0.0160681
