30460.461 0.043499065 0.29955488
576713.54 0.1737364 0.0099517212
294779.44 0.036717594 -0.19513394
2.5132222e+08 0.0011374184 0.049664763
53493.325 -0.21465332 -0.076317159
228081.89 -0.20276333 0.032078109
178569.81 -0.16836701 0.080085074
220459.43 -0.084157318 0.15803088
26472.556 0.17954908 -0.15832782
53881029 -0.077036305 -0.045010441
28457.972 -0.26249816 -0.17068763
125625.4 -0.20427471 0.069134832
8692.5054 -0.062514587 0.29434858
97918.144 -0.23581494 0.011793484
20336.623 0.25751102 0.18002774
292226.21 -0.08452589 -0.14874557
127755.85 -0.005624979 -0.21522664
22225.458 -0.063486947 -0.2086064
41154.419 0.13361354 0.23584532
73209.253 -0.17848428 0.15531347
22801.852 0.30287598 -0.0011752814
21230.52 -0.25318648 -0.055117604
21752.175 -0.18198084 -0.21407287
20784.903 0.14202085 -0.24419214
164884.75 0.22024747 -0.038788741
91951.17 -0.11102314 0.18784964
67199.744 -0.022405315 -0.2381279
21811.434 -0.2044395 -0.21684765
194037.23 0.035439957 -0.2223519
31073.92 -0.16403895 0.25963614
27827.039 0.034489558 0.27731751
37644.09 -0.055554288 -0.28603015
35047792 0.025177973 -0.10906954
25181.744 -0.26461137 -0.025407313
5976066.7 0.1309187 0.030949128
1187518.6 0.027817121 0.14783015
92891.987 0.11232626 0.21256126
34406.918 0.28103538 0.038321051
54126.89 0.20964295 0.064937526
42124.608 -0.11779919 0.23297036
106887.06 0.24381622 -0.017242494
160515.2 -0.023043786 -0.18636782
18148.909 0.23797273 0.090611113
46692.639 -0.19682763 0.11037522
51107.031 -0.11095733 0.21816753
37979.806 0.24807103 0.065048569
48536.595 -0.024397737 -0.27497275
1.3844377e+08 0.017032372 0.065327827
31225073 0.10530409 -0.04088869
95239.029 -0.23024585 -0.00607587
14014.354 0.26297395 0.15657841
329797.84 -0.13800904 0.093013044
79590.746 -0.24760803 0.016887598
106090.49 -0.14970474 0.18217656
8265338 -0.058121176 -0.11366688
29642.443 0.012022193 0.23496287
14235.446 -0.29883836 -0.069995416
45538.164 -0.27333228 0.072882207
23330.081 0.18138305 -0.2092714
523255.01 0.17706172 -0.033634652
165518.9 0.2208095 -0.037482142
60346.885 0.24916071 0.043369498
3575381.9 0.058365052 0.12294289
31653.226 0.28356379 -0.033411281
59385.531 -0.16115235 -0.13456788
1960497.4 0.088404407 -0.12980504
33494.763 -0.28544616 0.078917502
9300.0863 0.1873622 0.24988877
28835.902 -0.11402231 0.246874
1010645.3 0.14209341 0.069753897
73866.443 0.089584648 0.23143065
82823.35 -0.25410094 0.041577038
33619.274 -0.27942125 -0.14168541
10415.876 0.2801964 0.094169852
48038.016 -0.2034248 -0.11796782
51974.864 -0.24187587 0.080051184
46333.155 0.16584312 0.1558611
120967.52 -0.0070081132 -0.21696985
9160.5606 0.25566228 0.13148801
38176.819 -0.0068642676 -0.29566286
48486527 0.012697414 -0.10459576
428806.48 -0.003169711 -0.17539314
20018.718 0.28243268 0.068746354
19260.158 -0.075063252 -0.21912514
231684.43 0.040563262 -0.20992668
140221.09 0.15784882 0.099312969
33236.844 0.27208372 -0.072230582
310585.56 -0.1453455 0.08428066
597918.57 -0.076996723 -0.14316979
7877474.4 0.11951035 -0.063504883
31292775 -0.047030882 0.075335569
45827.657 0.025597579 -0.30147352
1292231.5 -0.1140123 -0.097589819
500859.68 -0.1713914 0.01224904
212440.53 -0.20084974 0.044880342
60353.683 -0.099347974 0.20292019
359717.2 0.095497949 0.16501289
116864.28 0.089982526 -0.19616107
37110.416 -0.12492709 -0.25050098
6.9533672e+08 0.0021033192 -0.033477582
6302677.1 -0.013315202 -0.13529218
1.0501956e+08 -0.053406237 0.037687784
61969.951 -0.029910898 -0.21750955
57443.317 0.040807663 -0.29313835
1649276.4 -0.085049526 0.10667805
85037.295 0.14206802 -0.15104501
1693511.8 0.066833593 0.13334218
39887.56 0.21903771 -0.10296281
9263.4024 0.25050521 0.11436195
109575.27 -0.1457336 0.17855107
56434.909 0.01259753 -0.28172423
56287.03 0.073064599 -0.29287891
32427.702 -0.30032866 0.065517617
13848881 0.10378961 -0.074049317
1.673604e+08 0.057069014 0.0424346
128712.23 0.10537854 0.2016147
244369.4 -0.036030226 -0.17399441
34496.944 -0.064611798 -0.25110168
55223.632 -0.032825911 -0.22176032
9186.8922 0.25645842 0.11162129
61526.706 0.23617416 0.048387805
70144.424 0.10263788 -0.20675683
22669.071 0.1700619 0.21526184
70053117 -0.051732861 0.052082627
24605.746 -0.29295186 -0.1097669
52106.031 0.087683184 -0.26867667
24180.413 -0.01858773 0.25107603
26507.862 0.28558267 -0.11250419
17955.561 0.15328316 -0.26895232
30457.951 0.045972782 0.30626666
24238.142 0.0019945621 0.24456336
20506.199 -0.30435344 -0.012468551
1.1317532e+08 0.082725244 0.016062076
1.9764126e+08 0.060020093 -0.050313564
15365.8 -0.12302301 -0.1795143
68568.182 -0.037803022 0.19176336
4517031.4 -0.09916173 0.068433928
29633.988 0.15983288 0.21223852
25696.943 -0.24439277 0.14321887
449389.79 -0.16233731 0.075996032
101362.83 0.24893382 -0.020416891
29222593 -0.028061937 0.050476021
690775.32 0.10053366 -0.01904612
42545.428 -0.099036104 0.21744858
20030.861 -0.25724627 0.023641375
10736521 -0.071640082 0.080416426
190519.9 0.12088894 -0.1501732
509180.82 0.073780878 0.17134803
197655.62 0.16517342 -0.11716307
73474.321 0.25532375 -0.089718156
1148753.9 -0.12612222 0.10188224
2838358.9 -0.034527884 -0.037636735
52336.951 0.18473852 0.16297577
72464.863 0.20981745 0.11866173
51888.11 -0.09054594 -0.235602
3176835.7 -0.11603057 0.011426591
362320.35 0.10016281 -0.072173347
1526463.9 0.07921322 0.063009852
1064794.6 0.065635192 0.0034530859
1987287.3 -0.13208654 0.024364241
62850.947 0.061111393 0.25188289
651150.85 -0.06259266 -0.14267129
457867.33 -0.012102702 -0.17951073
412828.65 0.12810085 0.046245259
33113.935 0.23897819 -0.18714838
155974.14 -0.11870635 0.16605895
3100501.6 0.016737859 0.13204329
216321.62 0.01378383 0.21841851
23595.732 -0.30843977 -0.0031806885
44235.802 0.10224669 -0.25099911
31912.258 -0.17878333 -0.17034954
21846.592 -0.29167328 -0.026290881
1881668.6 0.07109047 0.11514091
40697.16 0.17136619 -0.24612426
8858834.2 -0.028997006 0.10525573
752907.73 -0.013775819 -0.13993522
139181.47 -0.19994807 0.022516624
166135.64 -0.095322046 -0.18705385
1593690.4 0.0081415579 0.15811291
4076821.2 -0.11501155 0.0267665
27980.551 -0.13705074 -0.24591862
65383.748 -0.22161137 0.022771274
25414.923 0.25910373 0.16276216
664704.12 -0.0014603024 0.18719079
40269.26 -0.15355072 0.23150201
30214.823 -0.15407124 -0.2279799
26127.051 -0.060527376 -0.27842327
210862.75 0.016318585 -0.20761657
29252.645 -0.045880718 -0.27043343
132438.16 0.19634038 -0.12827286
24938.634 0.072527903 0.30556168
233452 0.067723625 -0.061739491
301428.93 0.17388672 -0.07351773
36539.124 -0.1706424 0.22752478
240946.4 0.054231606 -0.057301657
88041.322 0.23508177 0.048171127
460482.22 0.060928192 -0.1497344
3583711.2 0.055134086 0.091058921
2598179.6 -0.034269624 0.14038582
6795301.9 0.028309427 0.019214634
29538.803 -0.19274036 -0.24007923
15971.729 -0.26845753 0.085829599
206177.4 0.20216527 -0.023743437
13972.121 -0.025374949 0.28141061
534912.25 0.086766262 -0.028258423
43673.161 0.063135243 -0.2731553
14702.774 -0.25650179 -0.16948976
50496.802 0.15946707 0.1842097
31710.156 0.06901511 -0.28556847
36043.002 -0.18509464 -0.18161818
3343492.8 0.017645998 0.12892341
38041.494 -0.19778293 0.14245385
21040955 -0.013084619 0.068307886
40580.47 -0.18641161 -0.1955484
36759.041 0.19044854 0.19242234
32712.633 0.24164126 0.17126811
22855.568 -0.082951789 -0.28686715
4400107.3 -0.0089015027 0.12587809
22729.351 0.27057066 0.14907102
436486.1 0.081547458 -0.038980798
519834.42 -0.15850664 0.076843984
48010.368 -0.074415691 0.22059671
61645.064 0.012198319 -0.25398074
151251.32 0.13430983 -0.17099017
18218336 -0.0076299848 0.01907876
1351093.1 -0.14029054 0.021507052
27454104 -0.033482072 0.056823666
47567.318 -0.13586043 -0.099752514
230189.47 0.14626675 -0.10645
311545.39 -0.17284002 0.013944536
126094.99 -0.20580993 0.045311877
43420.94 -0.06678801 0.22688154
3257276.2 -0.12119769 0.029134733
59476.672 -0.027197237 0.23851177
23895.289 -0.20466456 -0.085218644
11074694 0.0039990318 0.087633843
127266.94 0.18469849 -0.14882703
32520.456 0.16598972 -0.2592726
20060.901 0.28722001 0.12590549
156453.03 0.17686307 0.094312621
148307.01 0.21505722 -0.015215126
70660.37 0.26933599 0.002277226
134759.75 0.22270922 -0.0365226
140024.71 0.21947097 -0.027724048
36312.993 -0.2109328 0.12245138
36174.611 0.13053859 0.25063777
17111.658 -0.26457736 0.17040279
16271.26 -0.27459489 0.070582261
304797.51 0.06732746 -0.18465732
831580.1 0.059861578 -0.01417782
551059.55 -0.033153001 -0.097055863
695119.45 0.11089015 -0.0011449151
24910.82 -0.30848771 0.042732759
267557.8 0.086101994 0.18449658
380707.34 0.11306406 0.12896021
70313.379 0.068486209 0.2471199
19461.872 0.043520376 0.30674269
378392.13 0.0092224593 -0.098800887
709275.07 -0.017967063 -0.11946426
90536.34 -0.19580337 0.095698689
208134.01 0.12147863 0.14675356
1157982.3 0.082543027 0.12582845
72460.937 0.23612651 -0.12398837
96408.951 0.25654737 -0.029697245
98546.422 0.0051618812 -0.23238413
17234.13 -0.023137661 0.26904855
15271.665 -0.23986571 -0.15953828
18996710 -0.052605572 0.0697583
19967.44 -0.17083004 0.26029584
31562.968 -0.10081756 0.29758627
628193.05 0.094412599 -0.016493199
3062151.7 0.048698559 0.1160658
631957.7 0.09855842 0.04226147
947398.64 0.025528988 -0.040242133
45459.657 0.22737374 -0.18311665
564609.27 0.15734506 -0.054261312
21294.525 -0.28568136 -0.021749835
13600.223 -0.22416357 0.19352885
19775.186 0.1583089 0.2494867
42018.082 0.15261987 -0.24313268
17488.686 -0.29116027 -0.056001075
249625.64 -0.045682169 -0.1993721
50570.843 0.25055792 0.10339803
364891.22 0.078377628 -0.14251537
26251.922 -0.11251667 -0.27277204
16370.015 -0.27226634 0.064518986
83832.151 0.25728119 -0.071478207
282561.29 0.10107306 -0.084409907
491939.63 0.17245741 -0.030243343
502721.06 -0.068158206 -0.1109174
475653.68 0.10152583 0.14068152
49053.994 0.14926066 -0.23541152
168317.92 0.17721601 -0.12615699
29161.525 0.3023648 -0.070610489
251381.95 0.18308245 0.022544705
13137398 0.0084449204 0.074513682
161876.61 0.023998529 0.22530136
243076.65 0.098055615 -0.17363667
18220.801 -0.27681821 0.1174213
126071.05 -0.1682148 0.13080724
72029.843 0.14669859 0.2012489
96319546 -0.11374554 0.003824834
34904.079 0.038541985 0.20183477
103760.11 -0.19885613 -0.068315262
34112.37 0.14574921 -0.2008933
156791.31 -0.21232191 0.072039279
2178055.1 -0.15865121 -0.05935641
9243016.5 -0.13881544 0.042017744
26256.473 0.27862881 0.11533719
9225615.8 0.091598468 -0.12277995
8456430.2 0.033794591 -0.15225849
1555945.5 -0.0068568417 0.15363113
39646.851 -0.12150945 -0.26586181
27071.648 -0.060178609 0.27207024
79561.026 0.14281935 0.18308488
15226.343 0.13537652 -0.23737207
1125189.9 -0.1749759 0.026933525
2552356.3 0.058353384 -0.15981126
1.0830134e+09 -0.042340292 0.043925352
50655.571 -0.29199285 -0.0020026264
35434.282 0.13481126 -0.20488072
98442.315 0.21260596 -0.11959381
4.9569328e+08 0.081578923 -0.028813585
2657843 0.16030856 0.0092395574
54633.185 0.014003091 -0.25811252
37140.598 0.21054272 0.15908698
15383703 -0.13225615 -0.058988713
34313.825 0.029646339 -0.27254962
16476.32 0.076919889 0.27529551
77883393 0.10656298 0.031643026
93998.301 0.19437331 -0.14914762
53391.929 -0.1955449 0.13711021
13922940 -0.067874765 -0.13421814
1.1997075e+08 0.014534371 0.09606376
75170124 0.11175668 0.017689598
18899.172 0.22031959 0.10706036
92964.026 0.066915767 -0.23763216
14531143 0.1281497 0.042329111
22670.982 -0.23227522 -0.074203938
15386903 -0.14138149 -0.0039553118
2.9659384e+09 0.011313526 0.02909027
29088.781 0.21776684 0.22629729
33723944 0.10656883 -0.080304908
4.3472486e+09 -0.02016552 0.010210887
51123.985 0.18495905 0.24755926
15204.708 -0.25639606 -0.093333004
120832.64 -0.13684569 0.18464716
19443.53 0.019007575 0.24430209
45422.903 0.23115864 -0.1282131
30248.056 0.29148199 0.089210703
141288.82 0.22042897 -0.044042317
1202870.6 0.0026265772 0.15643592
16656.006 -0.00046475115 0.24623052
23440.083 -0.24967026 -0.16672211
87173.35 -0.19917893 0.11348405
290417.48 0.1944052 -0.071130509
14630.132 0.085199677 -0.29125595
61100481 0.086899753 0.068953389
5773.3082 -0.046827207 -0.30895824
29563.228 0.2123438 -0.1734664
316544.15 -0.0033536886 -0.20245653
3.0175004e+09 0.035277656 0.0088357327
88420.143 0.17422514 -0.16676759
51981582 -0.11613626 0.032218266
254546.65 -0.048456807 0.17521042
85560661 0.059085828 -0.10774479
26675.988 0.083296974 0.2550675
15606.348 0.26625248 -0.11217721
3006470.6 -0.020439969 0.14513353
80403534 -0.032682105 0.099097603
4.5415788e+08 -0.027200061 0.070866218
3744775.6 0.1572484 -0.0083307528
16736.395 0.0010468017 -0.28462032
2.5895651e+09 -0.027833436 -0.049992792
10363424 -0.074474732 -0.13491604
51417.616 0.15796111 0.25248388
49495.66 0.18800819 0.090624112
19409.64 -0.009278076 0.27203378
134636.91 -0.22224702 0.073651187
69153387 0.11603611 0.0014207016
984346.39 -0.17910379 0.01595527
5.6979394e+08 0.018238295 -0.090570358
25999.232 0.27347165 0.11347377
53573844 0.10576859 -0.068567235
90745.341 -0.13404235 -0.20622322
19225.78 0.089555385 -0.28106782
122896.14 -0.2403531 0.047450515
1179070.7 -0.17597999 -0.02577057
107760.77 -0.22013235 0.090880173
78812.373 0.10552135 -0.19807548
49458007 -0.093645662 -0.092331325
26056.972 -0.056109899 -0.26723493
1587509.8 0.14461505 -0.10105587
56675.97 0.13175114 -0.1928461
16149.708 -0.25278999 -0.086021094
143119.68 0.15933706 -0.15957953
33807.58 0.21052524 0.23430029
5749.5245 0.26767191 -0.16623286
1059014.8 0.16804622 -0.062656027
52260.398 -0.20616362 -0.18733873
80220.86 -0.22323938 -0.031960751
42372.06 0.084124169 0.21508939
117804.36 -0.24390524 0.044740885
368579.79 -0.18189232 0.07187105
1197349 0.1538727 -0.093939189
32571.658 -0.032867883 0.31079895
1272270.1 -0.1110021 0.12206293
40714.898 -0.046602887 -0.25562148
11617.059 0.24877562 -0.15993318
5.1285342e+08 -0.081522012 0.01570797
38458607 0.1245847 0.0031485313
372159.93 -0.075892818 -0.18538477
13832.574 0.27047133 -0.10992473
39705.046 0.12325052 0.23987607
183542.12 -0.11875527 0.17084524
34487430 0.086477114 -0.10352824
25603.799 -0.2372282 0.18909749
53362432 -0.048834073 -0.12286327
54705.01 -0.20242665 -0.17981028
62600.443 -0.17680621 -0.15088263
54495270 -0.10352493 0.055140335
14881.595 0.3072935 -0.025650922
28989.98 -0.23516952 0.14698269
51122.77 -0.041831046 0.21599641
28725.175 -0.2139205 0.19394152
474451.53 0.18351607 -0.060466044
49371.857 0.19647181 0.22652359
32016.902 0.29352187 0.084343771
249226.83 0.15407811 0.10081536
29901.729 -0.21691617 0.21778566
132701.15 0.20850844 -0.10824946
18717.862 -0.010589001 0.26720129
35303675 -0.034504012 0.11083565
181704.86 -0.21252366 0.046933117
33150.458 0.25279468 0.010530546
64125.613 -0.27926472 0.083729707
116050.78 0.2243015 -0.078388878
40737.528 0.081902778 -0.26235674
14550.925 -0.061954998 -0.28530747
123877.15 0.22522307 -0.043043759
37486.392 0.20199889 0.14955839
5260739.7 -0.14092155 -0.073699608
1414135.1 0.020456817 0.15307229
6556.0347 0.14770564 -0.25241318
63270650 -0.079392365 0.078614475
210310.35 0.048906916 -0.20065762
172487.06 0.016436964 -0.21660747
30918.819 -0.22411067 0.14336061
105795.74 -0.013547476 0.18769193
58718.239 -0.1875831 -0.16681097
1.3210212e+08 0.10135833 0.021800238
134438.93 0.14440676 0.13024222
14608.762 -0.077525011 -0.29462192
28273.5 -0.25788345 0.16651257
26149.738 -0.24068633 0.15826306
2240782.4 -0.16046169 -0.052963435
31861.265 -0.060305743 0.29256959
1.1730522e+09 -0.049167355 0.035760565
27887.539 -0.21916245 0.19303695
3475836.4 -0.087475953 0.1211528
873571.45 0.17698202 -0.010197171
23860.054 -0.0033337933 0.31248016
33882.292 -0.20582307 -0.11447115
4.5166179e+09 -0.012013976 0.013227467
92090.26 -0.060216709 -0.22913767
328458.14 -0.0022243822 0.17133343
26264.283 -0.24637042 0.16317315
2.9049995e+08 0.092256758 -0.025045674
24743.622 -0.044461511 0.24700975
48738.271 0.19782189 0.21175243
49619.295 -0.034491483 -0.25243685
35139.978 0.21335446 0.20362026
17698.343 0.013631338 0.2485255
16008299 -0.075661577 -0.12757636
