0 0.0084427095 -0.013817031
0 -0.049116506 -0.05988985
0 0.25294684 0.14629925
0 0.0061966053 -0.0023779322
0 0.064883556 0.085570736
0 0.15795277 0.060882143
0 -0.096466577 -0.0020513951
0 -0.14386144 -0.033263673
0 0.22792144 0.052861936
0 0.20291143 -0.019131724
0 -0.17492309 0.030620559
0 -0.082921626 -0.29485211
0 -0.26044477 -0.080566332
0 -0.29171831 -0.032563092
0 0.025329528 0.064420254
0 0.23411924 -0.18355663
0 -0.065705843 -0.089538594
0 -0.14291674 -0.041281889
0 -0.17008229 0.18216017
0 -0.099019421 -0.25662406
0 0.038043811 0.14312542
0 -0.010732541 0.1019473
0 0.17050634 0.19754915
0 -0.050913161 -0.1207484
0 0.2349384 0.022993039
0 0.17058129 0.12224646
0 0.21209768 0.028432014
0 0.25320313 0.065672524
0 0.17019257 -0.0511019
0 0.14060878 -0.23613994
0 -0.0021298255 0.24391636
0 -0.23346317 0.1098523
0 0.16538935 -0.19556352
0 0.22547561 0.18758138
0 0.0075409163 -0.24338752
0 -0.15777806 0.26045653
0 -0.15995031 -0.26595048
0 -0.052227839 0.14335523
0 0.25590289 -0.068424015
0 -0.266225 0.047325857
0 -0.14132415 0.17305849
0 -0.18358627 -0.090380874
0 -0.261976 0.050188731
0 -0.21584299 -0.15235873
0 0.26592658 0.0187526
0 0.21394191 0.14890266
0 0.045220936 0.020600394
0 0.1472248 0.18165654
0 0.18429308 0.20403889
0 -0.0093047533 -0.12339941
0 -0.10137122 -0.026323486
0 0.22274066 0.024812744
0 -0.039401491 0.2447676
0 0.1174541 -0.11351893
0 0.11235246 -0.11123465
0 -0.17352317 -0.24526899
0 -0.048023617 0.22491583
0 -0.25027143 -0.10862256
0 -0.016779227 -0.19322005
0 0.08586412 -0.29115298
0 -0.099260654 -0.25481365
0 0.18534436 0.13675875
0 -0.25187243 -0.1327845
0 0.088073244 0.22264994
0 -0.22736278 -0.099530689
0 -0.13878289 -0.19282615
0 -0.14275797 0.030811923
0 0.035966021 0.013464841
0 0.11681799 0.18457205
0 -0.044646601 0.12871264
0 -0.21584262 -0.13319941
0 0.10109484 -0.13791225
0 -0.11590468 -0.085192406
0 0.23133765 0.16813373
0 0.11865988 0.080978546
0 -0.076983521 -0.2308806
0 0.076917085 0.24244486
0 -0.060380584 -0.21290487
0 0.30511703 0.015446487
0 -0.25354652 -0.049101781
0 0.072499149 -0.22511405
0 -0.0581671 0.056781398
0 0.058120602 -0.020466819
0 -0.013509875 0.098587591
0 0.077911608 -0.29761426
0 0.073523374 0.14189656
0 -0.023251774 -0.12135959
0 -0.19353661 0.21504985
0 0.19439938 0.24829629
0 -0.27217053 -0.13684614
0 0.15715141 -0.048014472
0 -0.010488732 0.15289978
0 -0.20520366 0.1873251
0 -0.058324953 -0.047860608
0 -0.13776827 0.2667825
0 0.12281466 0.0017568923
0 -0.11618188 0.06743339
0 -0.093665673 0.17885664
0 0.15309903 0.22637499
0 0.11756244 -0.12436229
0 0.22886588 -0.090811859
0 0.021262062 0.26023355
0 -0.10125004 -0.1928987
0 0.18273902 0.020656381
0 0.24422921 0.10382822
0 0.0089083982 -0.12821929
0 0.18344284 0.078608573
0 0.23628131 0.0045319435
0 0.14454641 0.12032904
0 0.020844348 -0.17271457
0 -0.1639697 0.07163798
0 0.09471166 -0.15560359
0 -0.15428211 -0.16900703
0 0.22982562 0.15358002
0 0.25112977 0.0067710697
0 -0.09995042 -0.11392666
0 -0.096429822 -0.2276469
0 -0.27801146 -0.092550756
0 0.17613469 0.067706425
0 0.23844222 0.02506305
0 0.057970721 0.18976423
0 0.28207167 0.12466137
0 0.029100462 -0.053982906
0 0.047473782 -0.21976977
0 -0.0011798611 0.048530848
0 0.12519084 0.28825995
0 0.27482098 0.014076663
0 0.22779243 -0.10236797
0 0.017487391 0.043523493
0 -0.038623505 -0.032148236
0 0.26030925 -0.085835341
0 -0.046199236 -0.10780676
0 0.083843297 0.15528641
0 -0.3011901 0.072948351
0 -0.052542973 0.28904294
0 -0.24310529 -0.13184438
0 -0.017806174 0.28459063
0 -0.1513357 0.10636936
0 0.24265526 0.020731788
0 0.25138804 0.12010257
0 0.14240508 0.11446648
0 0.25051425 0.17398202
0 0.033219111 0.028040794
0 -0.14933747 -0.0057389985
0 -0.15682726 0.16465913
0 -0.27961005 0.077766711
0 0.046780564 -0.14174548
0 0.26947988 -0.16455712
0 0.02149135 -0.16302743
0 0.046333724 -0.089138553
0 0.037985049 0.20234146
0 0.12340493 -0.065701376
0 -0.28989867 0.10458058
0 0.11621576 -0.088836773
0 0.082286934 0.28443219
0 0.13949664 -0.2763315
0 0.13452995 0.02495941
0 -0.16840128 -0.26645345
0 -0.14382408 -0.24536054
0 -0.19286876 0.084970551
0 -0.20130511 0.17476415
0 0.11824627 -0.10652865
0 0.049740001 0.25086585
0 0.264995 -0.09802042
0 0.046675514 0.075822367
0 -0.15089912 0.21873888
0 0.22328917 -0.11822871
0 0.081738711 -0.23152253
0 0.05707443 0.19698782
0 -0.05063509 0.21242001
0 0.11107322 0.18394309
0 -0.019997598 0.14251106
0 0.1484274 -0.0072268082
0 0.25289396 0.17438854
0 -0.12578683 0.079740552
0 0.051366932 -0.041884153
0 -0.071047664 -0.062813872
0 -0.20842118 0.10774221
0 0.10861188 0.0073855955
0 0.030049177 -0.065539868
0 0.16357007 0.15802793
0 -0.031128202 0.25364925
0 0.12501919 0.002585016
0 -0.038413471 -0.10668679
0 0.177562 0.17188014
0 -0.15732591 -0.25831733
0 -0.14068373 0.086763145
0 0.039679168 -0.0070381381
0 -0.11768736 -0.15430799
0 -0.18919981 0.11890699
0 0.21124362 -0.11101103
0 0.19644629 -0.20948419
0 -0.029237524 -0.27552535
0 0.24748436 -0.17028017
0 -0.081499059 0.21294057
0 0.14418445 -0.27877669
0 -0.04262083 0.081146428
0 -0.080913709 0.29161361
0 -0.25764091 -0.14956292
0 -0.25859221 0.13727663
0 0.061095163 -0.29889541
0 0.069443413 -0.047956064
0 0.078966733 0.18137685
0 -0.24971442 0.03766206
0 -0.16079288 -0.094598647
0 -0.15091844 -0.22667404
0 0.078329455 -0.17921515
0 -0.10641703 0.26339119
0 0.15212427 0.2327901
0 0.18423418 0.017874101
0 -0.014905385 0.030344336
0 -0.064987986 0.028481678
0 0.0023037035 -0.27217478
0 0.26774562 0.033638771
0 -0.24233355 -0.080130108
0 -0.23357113 -0.073541003
0 -0.19019101 0.10321004
0 -0.17661472 -0.23482478
0 0.29741579 -0.028136158
0 -0.17790731 -0.20028051
0 0.19968906 -0.19673765
0 0.090475548 -0.074003837
0 -0.24168372 -0.027686653
0 -0.14454844 0.14386625
0 -0.016388888 0.238028
0 -0.0031927589 -0.22510487
0 0.10136631 -0.26749238
0 0.010435518 0.045543495
0 0.048254039 -0.29645549
0 0.030015602 -0.1585139
0 0.11638123 0.090576096
0 0.022171946 -0.042234937
0 -0.27973529 -0.022037557
0 0.16101118 -0.045693212
0 0.092700152 0.13094683
0 0.080658189 -0.21676198
0 -0.046538507 0.051920618
0 -0.096453931 -0.038112497
0 -0.17206325 -0.02905986
0 0.13759083 -0.10268131
0 0.1084178 0.26625017
0 -0.039798977 0.10711063
0 -0.15218801 -0.21435755
0 -0.060323833 -0.022825701
0 0.016958317 0.16164511
0 -0.035232644 -0.2307896
0 -0.054558735 0.29510853
0 -0.046613543 0.20689734
0 -0.10674135 0.082433929
0 0.006969014 -0.22401304
0 -0.2009275 -0.025518158
0 0.027119079 0.26383986
0 0.20317338 -0.054581346
0 0.18957387 -0.16093171
0 0.12173663 -0.1754599
0 0.10052706 0.16502348
0 0.28497107 -0.069654396
0 0.017321293 -0.09316818
0 0.14479572 0.2357614
0 -0.080833335 -0.1520309
0 -0.26478589 -0.1359197
0 0.13798576 0.12664735
0 0.029502979 -0.14511616
0 -0.17215397 0.20573768
0 0.09560277 0.039434818
0 0.036821297 0.09204038
0 0.073339693 0.093814255
0 -0.078687924 0.21488479
0 0.12505873 0.11955701
0 0.23777183 -0.18867106
0 0.13102567 0.2851642
0 0.28365923 -0.10074265
0 0.070597986 -0.26958824
0 0.26358647 -0.17370773
0 0.14310411 -0.11182549
0 -0.023471958 0.29030504
0 -0.052997974 -0.001409251
0 -0.300977 -0.034183606
0 0.10474549 0.26962099
0 0.19622815 -0.13166805
0 0.12847647 0.044044303
0 0.034409875 -0.11961956
0 0.30345282 0.018900397
0 -0.20008573 -0.05344307
0 -0.005698398 -0.11639705
0 -0.092879978 -0.013060815
0 0.10521468 0.070962323
0 -0.26228015 -0.097017974
0 -0.066196975 -0.063035707
0 0.19901528 -0.069068637
0 -0.21172923 -0.097247931
0 -0.19346994 0.025990624
0 0.067163292 0.22761652
0 0.20361056 -0.12199809
0 0.0872498 0.2181376
0 0.12727081 0.16413765
0 -0.045462903 -0.038065567
0 0.27843562 -0.096957629
0 0.23751606 0.10871314
0 0.0744914 -0.058873377
0 0.27985998 0.0098865212
0 0.16387243 0.035594827
0 -0.15869288 -0.24887777
0 -0.24626757 -0.14042308
0 -0.16828913 -0.047923226
0 0.093448466 0.11585683
0 0.19318846 -0.12811591
0 -0.038754438 0.044591666
0 -0.30245812 -0.052039392
0 -0.19791276 -0.1910989
0 0.19600646 -0.0067160165
0 -0.24102864 0.038809224
0 -0.074614754 -0.202048
0 0.21389842 0.16324897
0 -0.22464615 0.17174555
0 -0.070258622 -0.25705216
0 -0.20653489 0.23182862
0 -0.025798114 -0.22965656
0 -0.20686667 -0.08534693
0 0.17877729 0.007643414
0 -0.26052797 0.11180518
0 0.01077506 0.045743093
0 -0.2952852 0.094758148
0 0.29249058 -0.097504271
0 0.010969973 0.037348124
0 0.00043631601 -0.30033016
0 -0.23297134 0.14360716
0 -0.012483367 0.27780372
0 -0.20004914 -0.10593495
0 0.29656078 0.096886745
0 -0.015052672 0.22265942
0 0.21545232 -0.12229565
0 0.11587167 -0.22784842
0 -0.10697834 -0.087567549
0 0.15008158 0.027731755
0 0.034253823 0.31076415
0 0.00047721597 0.12630277
0 -0.13964525 0.032933581
0 0.16156433 -0.12938813
0 0.055042926 0.0030075253
0 -0.15984658 -0.21886955
0 -0.12355773 -0.19751592
0 0.066235167 0.022801324
0 -0.13637246 0.05876726
0 -0.032861179 0.16496161
0 0.26389177 -0.0021218995
0 -0.045311446 -0.30568311
0 0.21711821 0.17772023
0 0.08332822 0.29393753
0 0.11465455 -0.027428039
0 -0.001445547 -0.2937628
0 -0.044390041 -0.15900598
0 0.038245881 -0.22433805
0 -0.17762601 -0.088808785
0 0.22630537 0.20298693
0 0.027458126 -0.23544875
0 0.20184921 0.063477386
0 0.051026713 -0.017717337
0 -0.09619995 -0.1593435
0 -0.26311716 -0.13820499
0 -0.28968463 0.090146581
0 0.24621194 0.032689368
0 0.12324145 0.12079031
0 -0.18925094 0.18308488
0 0.073262299 0.032656571
0 0.2314306 0.1969711
0 -0.23955151 0.17163901
0 0.14126766 -0.17598253
0 0.14892534 0.23096456
0 0.28343431 -0.0070856104
0 0.1468537 0.11234114
0 0.086300538 -0.016948209
0 -0.22643801 -0.030289588
0 -0.15470657 0.081643678
0 -0.081271011 -0.056106001
0 0.15958977 0.020713608
0 -0.2452277 -0.13280476
0 -0.17384844 -0.23810774
0 0.21606837 -0.044393014
0 0.25437559 -0.094847751
0 0.16247812 -0.21864414
0 0.043248112 0.1524523
0 -0.055763332 -0.037048007
0 -0.077410228 0.18629934
0 0.09967414 0.0098225374
0 -0.29861577 -0.027626799
0 -0.028194962 -0.23118185
0 0.039428901 0.0059271271
0 -0.10809975 0.096593406
0 -0.28300965 0.091318511
0 -0.20677267 0.035496749
0 0.034815118 -0.29265736
0 0.25446997 0.096505576
0 0.26525153 -0.005667052
0 -0.22576011 -0.21069304
0 -0.094439416 -0.084956108
0 -0.30772716 0.0079932862
0 -0.15131227 0.21572442
0 -0.16628798 -0.20746778
0 -0.23151583 0.083479868
0 0.068942834 0.042724058
0 -0.14822093 -0.13056356
0 0.11122079 0.25733965
0 -0.23466707 -0.20807786
0 -0.011644724 0.14144587
0 -0.052656036 -0.29206333
0 -0.22222806 0.19953823
0 -0.087614948 -0.26266824
0 0.096397684 0.088117444
0 -0.24813033 -0.12429026
0 0.026268511 0.25666187
0 0.2802677 -0.13057448
0 -0.14926073 0.10736716
0 0.04093027 -0.1123652
0 0.07922002 -0.12437316
0 0.23810179 0.036537557
0 -0.0081940515 -0.308223
0 -0.091636937 -0.12930769
0 -0.24008939 0.15058867
0 -0.2704315 0.024838652
0 -0.1839648 0.072007745
0 -0.15830498 -0.082008744
0 -0.082048545 -0.022968484
0 0.14425792 0.18735906
0 0.081480734 -0.00023739669
0 0.11398942 -0.18555199
0 0.22591552 -0.074784879
0 0.26648123 0.046504559
0 -0.220652 -0.044081348
0 0.27036666 0.1017794
0 0.23459408 0.18322841
0 0.066271135 0.093576613
0 0.28084845 0.089544315
0 -0.18056427 -0.036583121
0 -0.0080464517 -0.25542362
0 -0.057957169 -0.17754414
0 0.018478804 0.1405312
0 0.012478589 -0.023109897
0 -0.1964761 -0.20667296
0 0.25674392 0.058387966
0 0.27686231 0.1366972
0 0.051472495 -0.27779361
0 -0.24401696 -0.037908538
0 0.063803949 0.22617322
0 -0.3009731 -0.037710274
0 -0.16649974 -0.16169662
0 0.060509775 -0.035330828
0 -0.15293578 -0.0073365483
0 0.22834103 -0.20508054
0 -0.20853823 0.086978229
0 -0.033751429 0.031779829
0 0.029437561 0.16527547
0 -0.28745743 -0.072800393
0 0.069468578 0.059606795
0 0.093126685 0.048874151
0 -0.0082313691 0.017640528
0 0.012907276 0.18464908
