53362.1 0.11264 -0.203968
105953 0.137552 0.0242872
112627 0.026745 0.269914
87889.1 -0.216685 -0.147542
129890 -0.233334 0.0397603
119768 -0.124793 0.260249
145561 0.0125354 0.167724
64099.8 0.139979 -0.145951
140336 -0.14964 0.18667
45426.7 -0.0175093 -0.284175
85402.9 0.141081 -0.0680466
47805.8 0.119596 -0.218941
50660.4 -0.0529664 -0.273893
106880 0.0564438 -0.0834987
120654 -0.00455593 0.260475
59607 0.184445 -0.116812
39667.5 0.249771 -0.131336
43238.2 0.0844885 -0.255587
87661.9 0.139458 0.259735
107589 0.0733186 0.255581
156445 -0.140905 0.052485
111536 0.07943 -0.0474242
116397 0.030808 0.257294
66729.3 0.247809 0.12891
90120.4 0.16688 -0.00274148
34622.5 0.149707 -0.251956
33259.9 0.12948 -0.270863
40606.1 0.20062 -0.183133
206157 0.175476 -0.0170497
160243 -0.0180642 -0.195044
317770 -0.0860163 0.195984
228324 0.173936 0.13764
287884 0.109106 0.127158
90986.4 0.230729 -0.171626
84596.9 0.15313 -0.242735
315996 0.0766905 0.0932115
97822.8 0.166557 -0.211222
247256 -0.116168 0.274273
122060 0.293657 0.048042
353485 -0.00185607 0.0761995
146778 -0.0040226 -0.208947
268887 0.103109 -0.00757828
186558 -0.00392558 -0.165028
330921 -0.105673 0.158831
98675.6 0.108883 -0.241094
133864 -0.136402 -0.21173
109882 0.0835703 -0.234539
186823 0.158747 0.261778
82339.4 0.0177147 -0.292156
251424 0.0575606 -0.0738006
116511 -0.255673 -0.173987
176586 0.22936 0.138654
175886 -0.289117 -0.026106
273416 -0.198237 0.15712
254874 -0.0422844 0.280868
173475 0.192076 -0.0574398
303003 0.0786348 0.0298992
180609 0.0950453 -0.138083
278574 0.109729 0.0257471
283027 0.118925 0.0961962
96292.4 -0.0182666 -0.274509
17554.4 0.197848 -0.18805
18926.9 0.118447 0.142693
44396.9 0.0185149 -0.099291
26498.6 -0.137846 0.218867
15352.6 0.200301 0.0678311
46930.4 -0.194761 -0.23843
22940.4 0.153305 -0.18677
27528.6 -0.105479 0.206067
39808.6 -0.00559312 0.0525684
10545.5 0.137771 0.259324
40305 -0.237215 0.104379
39515.9 -0.0875174 0.111981
20626.8 0.096899 0.145601
16930 0.20091 0.0181507
26419.9 0.137656 -0.0478776
53384 -0.252967 -0.0932334
34491.3 0.0826823 -0.0532575
19730.4 0.140766 0.0972798
14247.6 0.237939 -0.0371478
50911.8 -0.166431 0.0367425
48813.2 -0.280864 -0.0224488
58141 -0.168154 -0.0976212
31805.2 0.0607845 0.0544482
48723.8 -0.0220391 -0.139895
36335.5 -0.289308 0.106542
19416 0.14652 0.0926919
16346.6 0.176554 0.0963405
29958 0.0636174 -0.257374
11598.2 0.101427 0.270686
14640 -0.0122793 0.295231
42582.8 -0.0241944 -0.227013
