3.97271e+16 0.0313115 -0.184549
5.20578e+16 -0.0939551 -0.234433
6.7706e+15 0.00680808 -0.0547635
5.8896e+13 -0.0662895 0.209918
1.93689e+13 0.23661 0.176328
6.96111e+15 0.242459 -0.158271
2.21602e+14 0.0822879 0.104771
1.95881e+16 -0.210776 -0.223882
4.37499e+13 -0.124797 0.248341
2.45501e+14 0.0310399 0.106771
5.85693e+13 -0.0664799 0.272828
2.07366e+16 -0.0369654 -0.130796
2.70043e+13 0.210932 0.171837
8.70953e+13 -0.104688 0.147436
2.38231e+13 0.19918 0.217242
6.16348e+13 -0.039434 0.233
8.48081e+15 -0.121463 -0.0914794
2.40881e+13 -0.198448 0.231216
4.52955e+14 0.137859 0.0585687
7.55834e+13 0.0882772 0.162436
1.15566e+16 -0.163418 -0.134447
3.42011e+16 0.158246 -0.232804
1.53033e+16 0.140173 -0.142693
4.27394e+13 0.279183 0.0985802
4.64012e+13 0.116209 0.276101
6.56271e+13 0.0558178 0.190242
5.03994e+15 -0.196143 -0.0962556
9.3164e+15 0.0195092 -0.0745641
4.20782e+15 0.247426 -0.123584
1.88974e+16 0.0597834 -0.128012
1.43727e+16 0.223047 -0.204759
7.19244e+14 0.162409 0.0284353
1.95277e+16 -0.0388838 -0.126574
1.20061e+14 -0.186942 0.100667
3.18111e+13 -0.198892 0.168936
6.55961e+15 -0.115968 -0.0730149
3.61566e+16 0.124888 -0.212012
1.67754e+14 -0.270398 0.042117
4.90286e+13 0.130908 0.181528
1.94866e+16 -0.00288716 -0.123659
4.50651e+13 0.12016 0.214863
7.48287e+16 0.0225044 -0.254952
6.20366e+16 -0.107599 -0.26809
5.40828e+13 0.220484 0.122003
1.41322e+15 0.297494 -0.0950659
1.70024e+13 0.282432 0.141922
6.83344e+16 0.0573827 -0.252021
6.01024e+13 -0.12123 0.167476
2.80952e+13 -0.190602 0.194861
4.71664e+16 -0.0127423 -0.199327
7.01059e+13 0.0232419 0.190126
1.0594e+14 0.0542439 0.147562
7.29861e+13 0.126798 0.150271
4.52498e+16 0.020325 -0.195801
3.97587e+15 -0.0345993 -0.0263459
1.73963e+15 -0.00982578 0.017548
3.2839e+16 0.024574 -0.166435
3.33436e+16 0.0610909 -0.17474
2.7535e+15 0.20408 -0.0631717
1.25162e+16 -0.201168 -0.169122
4.2137e+16 0.011408 -0.188124
8.59456e+14 0.145441 0.0261634
8.05679e+15 0.217126 -0.146373
8.29018e+16 -0.0588085 -0.282513
4.14702e+16 0.153553 -0.253173
6.5782e+13 0.0777046 0.179696
2.15567e+13 -0.21288 0.205105
5.48686e+13 -0.102723 0.189858
7.91398e+16 0.0827692 -0.289627
1.48525e+16 -0.19891 -0.18261
6.10372e+16 -0.0268421 -0.229185
3.09099e+15 0.24545 -0.100154
2.27252e+16 -0.166148 -0.194803
6.29447e+16 -0.0528325 -0.239357
3.52488e+14 -0.275876 0.00252302
5.30723e+13 0.0857197 0.234766
9.94886e+13 0.147602 0.12508
1.91522e+16 -0.00997313 -0.122555
3.18806e+13 -0.178716 0.19165
2.92103e+15 -0.195122 -0.0612126
4.33198e+16 -0.0280783 -0.192388
7.05819e+14 0.208365 0.00855507
3.45677e+13 -0.199971 0.161131
5.60875e+14 0.218452 0.0146052
6.07594e+13 0.0925731 0.18161
2.40138e+16 -0.146573 -0.185318
7.86317e+13 0.131222 0.143935
1.48223e+14 0.162368 0.100716
1.5736e+15 0.00921586 0.0224354
8.3777e+14 0.223298 -0.00835455
1.77696e+16 0.204195 -0.205878
7.61472e+16 -0.00646017 -0.255758
1.69236e+16 -0.188316 -0.185253
1.89747e+13 -0.221566 0.223699
1.61869e+16 -0.143748 -0.149075
1.64636e+14 0.145047 0.10201
6.69354e+13 0.0688542 0.181552
2.30587e+14 0.119375 0.0944039
6.06281e+13 0.0717816 0.195336
3.51127e+13 -0.161157 0.203284
1.88015e+16 -0.0730169 -0.130868
8.7254e+13 0.119008 0.142327
2.5041e+16 -0.0910559 -0.159606
5.72042e+14 0.0745583 0.0632566
2.05835e+15 -0.241407 -0.0706039
6.42029e+13 0.112678 0.16568
1.3449e+15 0.0504865 0.0270215
1.91339e+14 0.0241099 0.119033
4.35236e+13 0.124186 0.249723
3.69765e+14 -0.300249 -0.0181355
2.81353e+14 -0.133932 0.0813596
1.61386e+16 -0.0618937 -0.116892
7.91253e+16 -0.0779061 -0.285819
5.57895e+14 -0.306192 -0.0457624
5.29523e+15 0.269092 -0.163993
1.20827e+16 -0.221067 -0.185069
8.43221e+13 -0.138789 0.137249
2.61197e+14 -0.0826648 0.0972323
6.17131e+16 0.0125116 -0.228844
1.43158e+15 0.140488 0.00279346
9.67232e+14 -0.102369 0.0333249
9.36974e+16 0.0174559 -0.290534
6.09999e+13 -0.0792526 0.189886
2.17789e+15 -0.219689 -0.05889
3.3936e+15 0.168684 -0.0559655
1.18085e+16 0.0718696 -0.0976153
9.28938e+16 0.00565874 -0.287642
2.83738e+14 0.0798536 0.0939381
5.70861e+16 -0.129762 -0.275848
7.59196e+16 -0.0351251 -0.259601
5.16792e+13 -0.202997 0.134077
4.76583e+14 -0.0206068 0.0773141
1.34538e+15 0.0504616 0.0270073
2.31116e+14 -0.0697029 0.105097
2.95502e+15 0.100201 -0.0223019
1.45111e+16 0.218097 -0.200111
1.40788e+16 -0.176007 -0.158832
2.28622e+15 -0.00651016 0.0040591
5.97957e+16 -0.132193 -0.286676
7.61005e+15 -0.174685 -0.110844
1.40847e+16 -0.168583 -0.15354
4.80152e+13 -0.175108 0.154192
9.15277e+14 -0.143389 0.0239279
4.82486e+15 -0.0205959 -0.0359288
5.03392e+16 -0.143583 -0.27074
2.09021e+14 0.253188 0.0422221
1.1384e+16 -0.181219 -0.145236
5.80513e+13 0.17317 0.142973
5.99427e+13 0.0561971 0.266964
2.32078e+13 0.200838 0.243495
1.67406e+16 0.0342499 -0.114803
8.04038e+14 0.175244 0.01781
5.16891e+14 0.0508812 0.0712024
7.75329e+15 -0.131518 -0.0897657
6.55811e+13 0.000681262 0.300266
2.37011e+13 0.200557 0.212369
1.02685e+14 -0.121032 0.132812
6.21841e+15 -0.100438 -0.06461
3.35499e+16 0.1517 -0.224454
1.20775e+16 0.18578 -0.153597
5.30893e+15 -0.237424 -0.131657
3.30722e+13 0.231184 0.141544
1.42457e+15 0.00973531 0.027215
6.15437e+13 0.0473973 0.272509
1.80995e+16 0.0544358 -0.123686
6.46433e+15 -0.218238 -0.130034
5.68463e+16 0.0771201 -0.236549
9.88336e+13 0.175504 0.114403
1.85115e+16 -0.177039 -0.184
6.57544e+13 0.180473 0.132491
7.34562e+13 -0.095 0.16255
1.7507e+16 0.104184 -0.13603
6.30176e+13 0.0392807 0.298927
8.5112e+16 -0.0548877 -0.285215
4.56696e+14 -0.0866697 0.0712758
2.39494e+13 0.197512 0.236291
5.74142e+16 -0.029128 -0.222379
3.12358e+16 0.149127 -0.214185
3.57141e+16 -0.0819032 -0.187982
1.72333e+13 -0.247208 0.176383
4.0877e+15 0.157354 -0.0615291
1.46593e+14 -0.262602 0.0531584
8.93485e+13 -0.0885803 0.150728
5.77695e+13 0.07778 0.201213
1.02683e+16 0.0641578 -0.0866816
5.77766e+13 0.0926205 0.188592
9.27725e+13 0.200302 0.106436
5.70744e+13 -0.0913736 0.192521
3.11372e+15 0.274063 -0.127004
7.2046e+14 0.246533 -0.0147434
4.3029e+14 0.0675064 0.0772371
2.6184e+16 -0.0569987 -0.152835
3.15258e+13 -0.245535 0.135039
3.4705e+14 -0.234169 0.0293705
1.87453e+14 0.249177 0.0496089
6.1981e+13 -0.0426788 0.260781
3.10346e+13 -0.218012 0.155261
2.29748e+16 0.136816 -0.174979
6.95109e+13 0.311055 0.0553502
1.98393e+13 -0.251301 0.1594
8.38665e+16 0.0834742 -0.301742
7.97447e+15 0.0721208 -0.0724099
4.16719e+13 0.131129 0.251664
5.61868e+16 -0.070668 -0.232055
1.02056e+15 -0.240936 -0.0296302
7.88365e+13 0.117477 0.148999
3.88014e+13 0.145019 0.207717
2.21372e+16 0.206972 -0.234055
2.84932e+13 0.179479 0.246402
8.23663e+13 0.303919 0.0526033
4.86067e+13 -0.115729 0.199988
1.66339e+15 0.271518 -0.0816211
1.63471e+16 0.156297 -0.157789
2.30049e+14 -0.0743285 0.104544
9.94631e+16 0.0349135 -0.307534
6.43028e+13 0.149374 0.148401
6.47874e+13 0.0210287 0.285187
2.80412e+13 0.220995 0.159601
4.17309e+15 0.195082 -0.0833917
2.66286e+16 -0.0223473 -0.148621
2.58735e+16 -0.10929 -0.170327
1.92373e+16 -0.126585 -0.153713
1.33183e+14 -0.0283652 0.137409
4.41613e+13 -0.135835 0.193503
1.05014e+17 -0.011402 -0.313794
2.71944e+16 -0.174236 -0.221188
2.4954e+16 -0.10351 -0.164477
1.96686e+15 -0.174691 -0.0278896
6.13549e+15 -0.145478 -0.080912
5.34195e+13 -0.0864477 0.245745
3.0931e+15 0.217344 -0.0789533
8.09002e+13 -0.213408 0.106664
7.24534e+16 0.0633733 -0.263072
7.96508e+14 -0.182619 0.0151391
6.25267e+13 -0.0312926 0.230933
1.03381e+16 -0.239116 -0.190015
5.35102e+16 -0.0297512 -0.214559
3.98306e+14 0.206487 0.0371713
7.05438e+13 -0.261281 0.0870306
7.82381e+15 -0.0757843 -0.0720148
6.34485e+15 -0.0689273 -0.0578433
1.80817e+16 0.023628 -0.119221
4.72404e+13 -0.11476 0.27644
1.42244e+16 -0.0162486 -0.101876
2.65155e+13 0.269519 0.127587
8.2139e+13 0.208407 0.10824
3.2857e+13 -0.266086 0.119486
2.23146e+13 0.234949 0.164986
3.37191e+13 0.159432 0.240728
2.68163e+13 0.237193 0.149943
1.10597e+14 -0.0655451 0.143045
1.1759e+15 0.162239 0.00440722
3.26475e+16 -0.0127244 -0.164949
8.63731e+16 -0.0266372 -0.277775
5.06112e+13 -0.159949 0.159469
1.33221e+15 -0.224266 -0.0336338
8.53766e+14 -0.0224811 0.0507644
1.47391e+14 -0.0106983 0.132842
3.03264e+15 -0.27696 -0.12777
2.90605e+13 -0.203227 0.173415
2.19734e+16 0.133253 -0.168857
1.41593e+15 -0.281435 -0.0798942
2.52534e+14 -0.123866 0.0891417
2.3912e+16 -0.191905 -0.224998
1.22663e+15 -0.0530057 0.0311351
8.32359e+14 0.147232 0.0270714
1.58283e+14 0.254212 0.0544678
1.20952e+16 0.106749 -0.109934
1.0655e+14 -0.0263063 0.150842
6.21312e+13 0.0451281 0.281789
2.20874e+14 -0.187076 0.0730751
2.14185e+15 -0.199913 -0.045829
1.29126e+16 0.00122129 -0.0949369
8.1446e+13 0.0266506 0.171345
5.2962e+16 -0.119534 -0.25468
2.35137e+13 -0.201092 0.243728
1.47324e+14 -0.10543 0.119002
3.58493e+16 0.0543908 -0.179587
1.05578e+14 0.0967116 0.138345
9.46703e+14 0.263436 -0.0413969
6.26276e+13 -0.0436873 0.285596
3.9334e+13 -0.302244 0.0873614
1.58238e+16 0.191266 -0.181778
6.41767e+13 -0.00191893 0.224649
2.11758e+16 0.00184473 -0.129826
2.3295e+16 -0.0766638 -0.148652
4.47187e+13 -0.122785 0.263413
1.32832e+14 0.0771686 0.130575
6.68582e+13 0.16272 0.139908
2.36941e+15 0.221745 -0.065462
4.96131e+13 0.101468 0.252983
6.06946e+13 0.0546572 0.284257
6.27217e+14 0.0856542 0.0570418
6.19381e+13 -0.0469117 0.310046
4.88274e+16 -0.104904 -0.233238
2.05172e+15 0.241855 -0.0709124
9.00703e+14 -0.154306 0.0207753
4.47599e+15 0.169552 -0.0731356
4.13546e+16 -0.165861 -0.266913
3.29754e+16 -0.161223 -0.231025
2.76252e+15 0.262314 -0.107121
1.00307e+15 0.181288 0.00416898
5.68885e+16 0.0945246 -0.246305
6.83872e+14 0.291318 -0.0448986
3.40748e+16 -0.0299259 -0.17029
3.44722e+16 -0.120467 -0.203909
4.56015e+14 0.0172037 0.0794311
3.99807e+13 -0.137923 0.231424
4.91847e+13 0.105777 0.211911
4.0307e+15 0.140575 -0.053299
7.17794e+15 -0.0860348 -0.0692611
1.48269e+15 -0.0937091 0.0147616
7.10369e+15 0.0728343 -0.0654894
2.0992e+15 0.0702925 0.2478
1.0971e+15 -0.170244 0.149222
1.71026e+15 0.0725111 0.306584
9.59493e+14 -0.0743667 0.00166733
4.28415e+15 0.00899479 -0.279412
6.68504e+14 0.200138 0.0962713
2.28999e+15 0.0139306 0.156294
6.13404e+14 -0.194484 0.0688447
1.38236e+15 0.150271 0.231149
6.14735e+14 -0.185856 -0.108655
1.43719e+15 -0.140588 0.165153
2.35729e+15 -0.0293681 -0.1722
1.43575e+15 0.0385378 -0.111907
2.10749e+15 -0.0298394 0.134551
6.86625e+14 -0.1343 -0.057984
1.73073e+15 0.125756 -0.181316
5.84818e+14 -0.160529 0.00410419
3.77363e+15 0.0704952 -0.278179
1.01128e+15 -0.0281094 -0.0251101
4.92299e+14 -0.172994 -0.0437448
9.79946e+14 -0.0641988 -0.0604509
5.58963e+14 0.156615 -0.0417187
9.66144e+14 -0.0804017 -0.0705966
1.93031e+15 -0.0682568 0.281892
1.00157e+15 -0.106151 0.0391223
1.5777e+15 -0.111535 0.133943
2.94914e+14 0.228043 -0.0606205
4.87788e+14 -0.194147 -0.0872666
3.43318e+14 -0.235807 -0.101109
1.54992e+14 -0.275517 -0.0269874
1.22699e+15 0.16425 0.238438
1.86218e+15 0.044549 0.306001
1.11574e+15 0.162346 0.135655
5.06532e+14 0.176252 -0.0647544
2.77125e+15 -0.0314383 -0.195333
9.50875e+14 0.173132 0.117763
1.40723e+15 -0.143799 0.25283
1.80998e+15 -0.109903 0.228582
3.48921e+14 -0.225944 0.028014
4.67984e+14 0.182739 -0.0594932
1.05873e+15 0.151528 -0.141009
1.77496e+15 -0.0748639 0.297125
4.27423e+14 -0.205409 0.0246042
2.61239e+15 0.110854 -0.233285
1.46183e+15 -0.113024 0.116657
2.15897e+15 -0.14447 -0.237272
6.50349e+14 -0.175863 -0.104186
2.70793e+15 0.0162829 -0.189405
3.95253e+15 -0.0168201 -0.257772
1.96021e+15 -0.0679534 0.277771
3.56708e+14 0.266832 0.130779
3.8042e+14 0.238119 0.0690725
2.15516e+15 0.0258904 -0.159994
4.73723e+14 -0.180058 -0.00898115
1.26742e+15 -0.163456 0.206918
2.52991e+14 0.283573 0.104171
2.07385e+15 -0.0331572 0.13152
1.54238e+15 0.0455897 0.0745635
1.23883e+15 0.156242 0.26476
7.69728e+14 -0.156885 -0.10564
8.70748e+14 -0.166168 -0.130679
1.17437e+14 0.294693 -0.0415829
1.32725e+15 -0.0699962 -0.112571
1.04879e+15 -0.137592 0.0804428
2.13303e+15 0.0756635 0.205523
1.34164e+15 0.0783766 0.0679869
7.58549e+14 -0.110556 -0.0313941
2.06825e+15 -0.10618 -0.18997
3.97536e+14 0.197459 -0.0522694
3.17106e+15 -0.0617651 -0.22933
8.73335e+14 -0.13482 -0.101034
2.18857e+14 0.263209 -0.0864855
1.46055e+15 0.126142 0.280269
9.93259e+14 0.0840495 0.018689
8.50239e+14 -0.0934943 -0.011135
1.35688e+15 -0.142014 0.271686
2.292e+15 -0.0300367 0.254962
8.1451e+14 0.148265 0.0504174
1.32163e+15 -0.0689515 -0.111562
8.22648e+14 -0.190946 0.12044
2.32216e+15 -0.0255734 0.16704
1.37369e+15 -0.107874 -0.137743
1.89439e+14 0.26264 -0.00744553
5.18088e+14 0.168915 -0.00978689
3.20175e+15 0.0118795 -0.214898
6.6721e+14 0.211993 0.122722
2.82849e+14 0.281177 0.121724
8.23128e+14 -0.103734 -0.00490168
4.39438e+15 0.0196019 -0.291643
9.95851e+14 0.190049 0.213183
1.73174e+15 0.0840143 0.123861
1.38166e+15 0.139286 0.14793
5.52094e+14 0.217115 0.0935216
2.42506e+15 -0.146299 -0.267699
1.30384e+15 0.0530467 -0.103664
2.53191e+14 0.260176 0.0463093
1.27193e+15 -0.126361 0.103532
2.09138e+15 -0.0559934 0.268934
1.21063e+15 0.116106 0.082539
2.2333e+15 -0.0136431 0.147009
5.1953e+14 0.178626 0.0134134
7.17554e+14 0.207566 -0.155327
2.21306e+15 0.0636564 -0.174609
3.0928e+14 -0.254945 -0.118038
5.47958e+14 -0.164927 -0.00393876
4.85558e+14 0.220794 0.0770539
1.12341e+15 -0.139274 0.0956746
1.00233e+15 -0.161075 0.105781
5.74071e+14 0.221313 -0.145885
3.10514e+15 0.0228547 -0.211409
2.74169e+15 -0.12144 -0.256351
2.65579e+15 -0.120846 -0.248058
4.84171e+14 -0.235282 0.107158
2.4505e+15 0.0139079 0.20323
2.01128e+15 0.00723992 -0.149295
2.2811e+15 0.0549032 0.217092
2.38065e+15 0.00322157 0.247043
1.08917e+15 -0.177628 0.245092
8.31169e+14 0.207196 0.230215
3.26345e+15 -0.110279 -0.289582
1.05129e+15 -0.0227416 -0.0548104
1.06548e+15 0.109387 -0.107339
2.19657e+15 0.0318793 0.26975
1.17657e+14 -0.305025 0.0206591
3.85505e+14 0.25229 -0.142052
1.02764e+15 0.0839906 0.0252604
3.06676e+15 -0.0202279 -0.208813
2.43274e+15 0.0016044 0.232734
1.99234e+15 0.0863217 0.241586
4.86489e+14 -0.211339 0.058267
2.38238e+14 -0.257533 0.0279636
1.76592e+15 0.0200176 -0.134316
1.4074e+15 0.0082267 0.0498588
1.88412e+15 -0.103579 0.199641
1.30349e+15 0.0809862 0.0647813
1.37925e+15 -0.0277068 -0.104183
1.55458e+15 0.114141 -0.157903
4.14226e+15 0.0619364 -0.304873
1.49291e+15 0.0995489 0.106178
1.68818e+15 -0.00745164 -0.127656
6.52656e+14 -0.166485 0.0359449
1.94001e+15 -0.147136 -0.220809
1.02875e+15 -0.0950418 0.0340033
6.76393e+14 0.214925 0.134599
2.45063e+14 0.279997 0.0878172
1.64894e+15 0.0337621 0.082375
1.54362e+14 0.275272 -0.0381942
1.26819e+15 0.115024 0.0900812
1.22274e+15 0.00770345 0.0248286
2.24726e+15 0.121389 -0.217025
1.59839e+15 0.13132 0.209091
2.67642e+14 0.238969 -0.0679079
1.79107e+15 0.039443 0.100378
8.88783e+14 -0.190531 0.140173
5.1797e+14 -0.176863 0.00798813
1.13271e+15 -0.0484569 0.02094
7.6709e+14 0.154801 0.0486385
9.97646e+14 0.186925 -0.171576
1.07867e+15 0.170254 0.145465
4.01813e+14 0.264441 0.159209
1.29288e+15 -0.00495298 -0.0926492
2.40051e+14 0.247688 -0.0673442
1.13248e+14 -0.301388 -0.000441564
1.75389e+14 -0.275027 0.0134393
1.47746e+15 -0.119337 0.128315
2.44153e+15 -0.131346 -0.244087
8.9437e+14 -0.131261 0.0452788
6.23949e+14 0.195282 0.074364
4.57302e+14 -0.191874 0.0110619
2.97624e+14 -0.226051 -0.00846847
5.63525e+14 -0.204201 -0.120325
1.45112e+14 -0.280517 -0.0407499
1.61453e+15 0.12503 0.174226
1.32591e+15 -0.146058 -0.163624
1.5985e+15 -0.0876791 0.108257
1.36632e+15 -0.145813 -0.167296
2.33426e+15 -0.0567314 -0.178772
2.32722e+15 -0.0244114 0.251394
1.14469e+15 -0.0762589 0.0387252
3.26712e+14 -0.2771 0.143224
9.53834e+14 -0.182551 0.139069
1.06352e+15 0.179144 0.171392
2.98613e+14 0.253519 -0.112235
2.13053e+15 -0.0617791 -0.168526
1.41517e+15 0.152701 -0.179479
6.71835e+14 0.132884 -0.0150093
5.13576e+14 -0.171784 -0.00620086
1.18494e+15 -0.0854648 0.0511163
8.07883e+14 -0.100953 -0.0455278
9.85667e+14 -0.181755 0.147174
1.20426e+15 -0.164731 0.168575
2.22705e+15 0.058506 0.234315
2.69399e+15 0.0609594 -0.201592
2.9805e+14 0.266534 0.0900195
2.00255e+14 -0.25637 -0.0246018
1.47586e+14 -0.291702 -0.08539
2.14001e+14 -0.252126 -0.0474039
1.63059e+15 0.168419 -0.220613
1.15192e+14 -0.301066 -0.0650473
1.17089e+15 0.155999 0.134978
5.67852e+14 -0.226805 0.121227
8.64275e+14 -0.112753 0.0184789
8.15533e+14 0.208856 0.231815
7.34445e+14 0.115676 -0.0303063
1.55085e+15 0.135688 0.20325
2.93617e+15 0.0962267 -0.241558
2.98875e+15 -0.0313376 -0.206947
1.95296e+15 -0.0331513 0.300816
1.18577e+15 -0.00215497 0.0185434
6.99375e+14 -0.219844 0.161808
2.04314e+15 0.0858238 0.219141
5.92914e+14 -0.227303 0.133959
6.32692e+14 0.157968 0.01817
1.14701e+15 -0.162364 0.142342
4.16232e+15 -0.0576499 -0.299745
1.18443e+15 -0.113105 0.0747729
1.46913e+15 -0.180166 -0.219364
3.16587e+15 -0.00208401 -0.212408
9.4878e+14 -0.11821 -0.0980078
1.17817e+14 0.297431 -0.00338207
9.42648e+13 -0.309664 -0.0390542
8.55949e+14 -0.17431 0.0961055
4.25957e+15 -0.0448217 -0.295275
1.10313e+14 -0.311261 0.026695
1.89559e+15 -0.110403 -0.180877
1.22024e+15 0.0168468 -0.084884
1.06795e+15 0.114845 0.0590887
9.84365e+14 -0.0499465 -0.0149925
1.08153e+15 0.0937231 -0.0986135
8.3185e+14 -0.180937 0.102226
1.14614e+15 -0.163389 0.144754
3.68114e+15 -0.00839277 -0.240472
4.9366e+14 -0.23492 0.11046
5.92912e+14 0.234468 -0.169091
1.87268e+15 -0.0395517 -0.145033
1.52305e+15 -0.136579 0.182713
1.08865e+15 -0.0914112 0.0410112
5.0693e+14 0.203537 -0.106699
2.16591e+15 -0.0722803 0.211606
1.92064e+15 -0.0586724 0.29114
1.8537e+15 -0.105681 0.191777
1.58423e+15 -0.115428 0.141647
7.49964e+14 0.112587 -0.0390427
2.21279e+15 -0.084047 -0.18464
8.40925e+14 0.208661 -0.177547
1.35968e+15 -0.152593 0.184319
2.47639e+14 0.252711 0.0252397
3.75076e+15 -0.0494227 -0.258046
2.19357e+15 0.0644068 0.231646
9.71827e+14 -0.190773 0.178
1.32383e+15 0.0136969 -0.096665
1.20133e+15 -0.089282 -0.109585
1.17919e+15 0.012627 0.0182501
1.51627e+15 -0.133067 0.166208
2.08089e+15 0.0378928 0.282907
2.85733e+15 0.047331 -0.204989
2.39148e+15 0.00270559 0.244554
2.22163e+15 0.045799 0.25497
1.44192e+14 -0.282921 -0.00916508
1.96298e+15 -0.0327355 0.117487
1.9284e+15 0.146568 -0.219797
4.52441e+15 0.0204506 -0.306101
1.13108e+15 0.0570292 0.0253409
4.27313e+15 -0.0445177 -0.296403
1.21663e+15 -0.102504 -0.119243
1.28275e+15 0.0250749 -0.0937654
1.12736e+15 -0.134583 0.0901197
2.25189e+15 0.0217353 0.2659
7.92961e+14 0.146736 0.0438516
3.6218e+14 0.247449 -0.1269
3.6925e+15 0.0829795 -0.287466
1.48377e+15 0.118768 0.129601
4.42441e+14 0.198174 0.0183599
1.13794e+15 -0.00374933 0.0098553
5.83582e+14 0.211501 -0.134795
9.05461e+13 -0.312394 -0.0410503
8.12462e+14 0.103894 -0.00783799
4.59203e+15 -0.0169551 -0.313127
8.71611e+14 -0.205072 -0.176536
1.00311e+15 0.0545979 -0.0595421
1.81751e+15 0.108107 0.188453
1.51844e+15 0.0320017 -0.117548
1.44567e+15 -0.141071 0.169707
9.00143e+14 0.162957 0.088388
1.76821e+14 0.283806 0.0398425
2.022e+15 0.0548891 0.138332
1.73593e+15 0.00258558 -0.130964
1.78331e+15 -0.0437297 -0.140059
1.75847e+15 -0.0696934 0.303336
3.43846e+14 -0.235725 0.0454153
1.11851e+15 -0.156841 0.123204
1.73619e+15 0.00637861 0.0867703
1.34643e+15 0.154701 0.222247
1.08497e+15 0.0363962 0.00655046
1.61952e+15 -0.0930303 0.300671
3.07561e+15 -0.0761249 -0.232912
2.02995e+15 -0.107643 -0.188402
1.49319e+15 -0.00233273 0.0597154
9.05322e+15 0.120192 0.111088
1.30141e+15 -0.207045 -0.114966
5.80028e+15 -0.112997 -0.0225182
1.86672e+15 0.123748 -0.153589
4.83783e+14 0.244057 -0.191818
4.81337e+15 -0.124979 0.282048
1.00804e+16 -0.0244404 0.0214335
9.83297e+15 0.104687 0.14207
1.45571e+15 -0.117934 -0.200818
8.31963e+14 0.184216 -0.236565
9.0679e+15 0.116145 0.156338
1.18149e+16 -0.0602226 0.103315
1.0568e+15 0.15775 -0.218347
6.71946e+14 0.255349 -0.1265
1.9985e+15 0.0881112 -0.170154
6.17904e+15 -0.15979 0.0548309
2.50052e+15 -0.228111 0.000259653
1.93896e+15 0.00401428 -0.236437
2.46212e+15 0.252833 0.176424
7.42791e+15 -0.0656418 -0.016921
5.37638e+15 0.115363 -0.0315106
6.5249e+15 0.0928866 0.263916
4.18603e+15 -0.182605 0.00912669
3.49477e+15 -0.214136 0.208415
3.51204e+15 0.0186337 -0.12286
1.05445e+15 0.162927 -0.203124
6.7485e+15 -0.131508 0.220912
2.98461e+15 -0.0676858 -0.129398
7.7238e+15 -0.135719 0.175766
8.43559e+15 0.0899543 0.0236146
4.97581e+15 0.186913 0.184379
9.69882e+14 -0.250179 -0.0924044
1.79337e+15 -0.281465 0.140833
8.24463e+15 -0.0890871 0.227728
6.66645e+15 -0.11578 0.241833
7.1422e+14 0.237236 -0.145636
5.44691e+15 0.0494114 0.306563
2.24847e+15 0.0483959 -0.172824
1.29747e+16 0.0153054 0.125083
7.23592e+15 0.0885218 -0.0066368
2.81576e+15 0.229781 0.21716
1.20591e+15 0.170717 -0.165891
3.16121e+15 -0.23226 0.0683963
7.84237e+15 0.00809537 -0.0247896
1.6483e+15 -0.105109 -0.289694
1.12364e+16 -0.0762564 0.108544
6.22278e+15 0.0136965 -0.0562559
5.30224e+15 -0.109235 0.281436
9.87544e+14 0.167348 -0.257067
4.30425e+14 -0.256666 -0.183405
2.27088e+15 0.00762291 -0.302237
1.01561e+16 -0.0919303 0.0820522
3.56039e+15 -0.224443 0.0813613
1.36471e+15 -0.122766 -0.212302
6.576e+15 -0.0506755 0.283784
5.58576e+15 -0.160871 0.0303875
6.43275e+15 -0.0670987 0.280394
8.90444e+15 0.0654074 0.0150031
6.22638e+15 0.112208 0.256003
4.40814e+15 -0.162635 -0.0119641
6.36348e+15 0.13382 0.0160747
9.4767e+15 0.00642681 0.238481
3.89563e+15 0.199906 0.0291914
1.08093e+16 0.065734 0.181166
7.03494e+15 0.106321 0.241197
8.34004e+15 0.0125986 0.259014
3.42724e+15 -0.224912 0.0672044
4.87106e+15 -0.194315 0.0805238
2.33387e+15 0.119559 -0.129714
1.29413e+16 0.00409468 0.141949
2.51609e+15 -0.252175 0.0735479
2.85162e+15 -0.245286 0.094855
2.71532e+15 0.0547557 -0.145231
5.87236e+15 -0.0527501 0.297053
6.05991e+15 0.120214 0.252935
2.93985e+15 -0.198794 -0.0242423
8.90765e+15 0.11761 0.161753
5.20356e+15 -0.141469 -0.0111279
1.79602e+15 0.159618 -0.127672
8.3112e+15 -0.119367 0.0595578
9.54934e+14 0.26742 -0.0675052
1.81912e+15 -0.0654145 -0.26623
3.07548e+15 -0.23627 0.0764732
1.36422e+15 0.12126 -0.252068
6.70725e+15 -0.0682079 -0.03101
5.71777e+15 0.066214 0.295311
1.62822e+15 0.266018 0.00816137
7.92293e+15 0.0791459 0.00230466
9.03475e+15 -0.0725846 0.22265
1.90591e+15 0.0269492 -0.231266
1.52342e+15 -0.130328 -0.17641
2.42482e+15 -0.236118 0.0117667
2.98104e+15 0.157425 -0.0712336
1.47782e+15 -0.275607 0.0136594
9.97949e+15 0.061171 0.0372921
2.38537e+15 -0.181441 -0.0738124
9.54391e+14 0.29599 -0.01158
1.00365e+15 0.184473 -0.175136
1.07134e+16 -0.085375 0.149474
1.97311e+15 0.172783 -0.10454
1.88399e+15 -0.0477778 -0.259742
4.17388e+14 0.283242 -0.138222
1.92799e+15 0.0547332 -0.275138
5.24087e+15 0.15105 0.00250322
1.56408e+15 -0.138288 -0.164477
9.30751e+15 0.0625779 0.0222688
3.60242e+15 -0.215618 0.0499957
7.19358e+15 0.0732597 -0.0176372
1.05106e+15 0.207225 -0.13925
4.57096e+15 0.193798 0.19062
2.11903e+15 0.268148 0.0959273
2.13781e+15 -0.0626018 -0.174501
1.23413e+16 -0.047351 0.128168
5.34453e+15 -0.118484 -0.0299684
5.77746e+15 0.160894 0.0392898
9.15975e+15 0.0908747 0.0444196
7.71729e+15 -0.137543 0.17093
3.85391e+15 -0.208802 0.0486213
9.27193e+15 -0.0552171 0.228596
5.81611e+15 -0.143236 0.0107512
2.14625e+15 -0.241376 0.000759223
8.71944e+15 -0.087512 0.028202
1.91161e+15 0.024278 -0.232971
9.98525e+14 0.16632 -0.258314
7.00435e+15 0.144073 0.0575957
8.50412e+15 0.00719509 0.256443
1.15715e+16 0.0383476 0.182379
1.34678e+15 -0.238614 -0.0703768
2.29589e+15 -0.0176704 -0.307149
4.48962e+15 -0.14155 -0.0335017
2.5272e+15 -0.166215 -0.0826546
1.26579e+16 -0.0203858 0.152783
1.11234e+16 -0.0372865 0.0504383
3.26937e+15 0.225712 0.0555306
1.89901e+15 -0.262091 0.0282273
2.22902e+15 0.193683 -0.067844
1.08113e+16 -0.0663133 0.180902
3.11709e+15 0.22915 0.0528854
9.09522e+15 0.00494541 -0.00100209
4.27545e+15 -0.149842 0.275149
6.93075e+15 0.158816 0.116999
5.99952e+15 -0.171119 0.0789128
9.10439e+15 -0.0862059 0.208838
1.93803e+15 -0.233645 -0.0301769
4.85973e+15 0.164968 0.00889897
9.70726e+15 -0.062518 0.214404
4.95697e+15 0.112184 0.28764
1.93682e+15 -0.0104474 -0.229
8.43344e+15 -0.0953612 0.0287614
2.17345e+15 -0.238347 -0.00339266
4.46033e+15 0.142172 0.276568
1.2749e+15 -0.129731 -0.241899
4.95199e+15 0.167578 0.0168551
3.67145e+15 0.209949 0.0397605
5.4997e+15 -0.1726 0.0517492
7.90099e+15 0.0931335 0.232039
8.06608e+14 -0.218096 -0.157836
1.09457e+15 -0.242533 -0.089318
2.27113e+15 -0.262285 0.159784
1.22168e+16 -0.0499163 0.109749
1.57637e+15 -0.107844 -0.280582
1.04499e+16 0.00112494 0.219556
3.20297e+15 0.0754961 -0.118103
2.19459e+15 -0.0429044 -0.17868
5.77535e+15 -0.0752754 0.290395
1.05272e+16 -0.0610181 0.0513285
6.48388e+15 -0.139243 0.0274314
1.98613e+15 0.206423 -0.06635
4.85844e+15 -0.198193 0.104802
6.07037e+15 -0.161698 0.0540831
2.1864e+15 -0.230491 -0.0175163
1.21378e+15 0.159981 -0.178523
4.90202e+15 0.197691 0.127668
4.46891e+15 0.0147697 -0.095886
1.57304e+15 0.111662 -0.285476
1.21107e+15 0.175054 -0.160098
3.73068e+15 0.140112 -0.0594094
7.86229e+14 -0.315093 0.00449271
1.07715e+16 -0.067468 0.0656272
5.28791e+15 0.0624184 0.30579
1.1477e+15 -0.1733 -0.169762
3.20837e+15 0.221475 0.0371329
2.55423e+15 -0.255175 0.139307
2.28388e+15 0.229391 -0.0120182
6.54353e+14 0.268979 -0.109186
6.89687e+14 -0.203214 -0.238112
6.98152e+15 0.136684 0.041611
4.38146e+15 0.208653 0.130586
3.68784e+15 -0.075007 -0.102411
5.65737e+15 0.109764 0.272031
3.36774e+15 0.0508461 -0.121257
2.42185e+15 -0.177152 -0.0765957
1.94323e+15 0.071953 -0.294139
5.20842e+14 -0.24437 -0.177164
1.17261e+16 -0.0359181 0.066986
5.35201e+15 0.181117 0.0690905
1.12982e+15 0.148043 -0.22345
1.39299e+15 -0.193108 -0.123054
9.10995e+15 -0.119871 0.131803
1.715e+15 0.23271 -0.0482003
9.94889e+15 0.0864927 0.0638837
3.53231e+15 -0.212772 0.20935
3.0238e+15 -0.21071 0.00012892
5.11187e+15 0.193453 0.123043
1.91788e+15 0.272118 0.0713698
2.68937e+15 0.138915 -0.0993497
4.30592e+15 0.0275991 -0.098571
1.237e+16 0.0182337 0.0797001
5.36659e+15 0.0906864 -0.0493121
3.57611e+15 -0.159597 -0.0461709
2.04565e+15 0.147917 -0.123071
1.04866e+16 0.0215511 0.0294824
7.46666e+14 -0.248331 -0.124682
9.70459e+14 -0.29925 -0.0013514
1.29956e+16 0.0113808 0.116609
2.09076e+15 0.0348093 -0.286721
8.26601e+15 0.0700258 0.00380967
1.17733e+16 0.0639778 0.119989
6.46889e+15 0.0574868 -0.0407404
9.31906e+15 0.0999477 0.0629746
5.07974e+15 0.0694595 0.30768
7.00367e+15 0.105848 0.242411
8.73518e+15 -0.0679818 0.0126874
4.18843e+15 -0.190649 0.0244553
1.91307e+15 0.0923706 -0.173895
4.19908e+15 -0.206803 0.17635
1.11938e+15 -0.260675 -0.0591903
1.63084e+15 -0.103 -0.193327
1.10557e+16 -0.0806071 0.137155
4.67106e+15 -0.183124 0.21259
8.76769e+15 0.105735 0.0528307
1.40314e+15 0.129036 -0.193441
9.6228e+15 -0.110587 0.119979
2.03373e+15 0.0332391 -0.27727
2.57744e+15 0.188686 -0.0556089
1.8104e+15 0.132617 -0.150259
1.80029e+15 0.0550222 -0.238347
6.27656e+14 -0.212311 -0.230469
7.68542e+14 0.202123 -0.192835
1.36735e+15 -0.148731 -0.173198
9.45059e+15 -0.111001 0.0974575
2.21325e+15 -0.266266 0.109305
1.23084e+15 -0.270716 -0.0282514
1.10211e+16 -0.0822179 0.116729
5.40763e+15 -0.187947 0.122769
2.93529e+15 0.242485 0.0944228
4.35322e+15 -0.209694 0.129721
1.46326e+15 0.278104 0.0195901
8.058e+15 -0.139102 0.124749
1.60117e+15 0.0973713 -0.266379
1.19225e+16 -0.060411 0.123259
7.78419e+15 0.108095 0.219833
7.9696e+15 0.0810976 0.00479768
1.49523e+15 -0.109007 -0.264012
6.98795e+15 -0.0954205 0.251891
6.77457e+15 0.152682 0.0683702
5.5382e+14 -0.308371 -0.0623889
5.3309e+15 -0.07584 0.299724
2.21834e+15 -0.024172 -0.299496
3.87477e+15 -0.204793 0.207071
1.43035e+15 -0.112367 -0.219281
3.59888e+15 -0.095479 -0.0952627
7.7781e+15 -0.0126055 0.269262
1.42483e+15 -0.114731 -0.214307
3.61192e+15 0.212565 0.0427125
3.03527e+15 0.136165 -0.0876134
4.68713e+15 -0.111056 -0.0537486
9.3828e+15 -0.098538 0.18415
3.96325e+15 0.210685 0.181227
7.11835e+15 0.128884 0.212244
1.20005e+16 0.0568656 0.134102
4.20531e+15 0.0187321 -0.102433
8.48517e+14 0.190991 -0.195168
4.34814e+15 -0.137865 0.284252
9.43355e+15 -0.09899 0.181483
2.11515e+15 0.233183 -0.0172731
8.21256e+15 0.0293127 0.258666
7.00822e+15 -0.154406 0.157348
1.24221e+15 0.136095 -0.253042
3.12789e+15 0.05179 -0.129438
2.06002e+15 0.244014 -0.000152176
2.69872e+15 0.188786 -0.0494936
1.24499e+15 -0.13299 -0.237005
1.29201e+15 -0.132993 -0.208277
4.6243e+15 -0.194221 0.059517
6.48338e+15 0.0262771 0.291334
1.19549e+15 -0.227381 -0.0995942
1.28261e+16 0.011427 0.0989749
6.26987e+15 0.0718764 0.28138
7.02481e+15 0.151269 0.167262
6.38739e+15 0.0474019 0.288343
5.26279e+15 -0.15214 0.00432041
1.89831e+15 -0.2189 -0.0556743
3.72435e+15 0.222778 0.145073
1.01027e+15 -0.162797 -0.25068
9.27291e+14 0.237785 -0.114477
9.16832e+15 -0.108131 0.174336
2.79792e+15 -0.24034 0.187523
1.10749e+16 -0.012137 0.0407598
9.83125e+15 -0.0932175 0.0701625
5.2945e+15 -0.0958329 0.290298
7.02975e+15 -0.0646293 0.269441
2.13391e+15 -0.0580524 -0.308222
1.77103e+15 0.237727 -0.0357179
6.3409e+14 -0.24542 -0.148154
3.09365e+15 -0.231161 0.18995
1.29124e+16 0.0146642 0.13842
2.09813e+13 -0.105175 0.24504
4.41058e+12 0.0101646 -0.0242728
7.25907e+12 -0.13405 0.130861
3.91704e+12 0.16055 -0.148887
6.87411e+12 -0.118811 0.112673
4.90094e+12 -0.00884511 0.0110031
2.15724e+13 -0.046118 0.217051
3.25401e+13 -0.0481177 0.282681
8.64919e+12 -0.00361171 0.0971452
5.39518e+12 -0.200306 0.161619
1.9082e+13 -0.0386748 0.198689
6.58092e+12 -0.0842604 -0.15756
1.18458e+13 -0.119955 0.17909
4.13564e+12 -0.114124 -0.114825
1.96409e+13 -0.0422228 -0.304913
3.67366e+12 0.109236 -0.086595
1.96325e+13 0.0157051 -0.29516
2.78605e+12 0.137375 -0.0238997
7.27696e+12 -0.0363955 0.0793024
1.64512e+12 0.205903 -0.00123228
8.82858e+12 -0.00159517 0.0996792
1.48604e+12 0.265564 -0.167286
2.23123e+12 0.238078 0.10405
3.6251e+12 0.155326 -0.133143
4.39288e+12 0.198143 -0.2073
3.75549e+12 -0.101029 0.00941964
9.53723e+11 -0.261966 -0.104201
1.03636e+12 0.243667 -0.0153541
1.82224e+12 -0.238521 0.0808629
6.68355e+12 -0.176542 0.16045
1.86515e+13 0.0578259 -0.300619
5.55264e+12 0.218101 0.188425
5.97198e+12 0.17355 0.143543
2.68006e+12 0.154887 -0.0827828
1.03808e+12 0.280957 0.0766803
2.89404e+12 -0.202032 -0.161217
3.33084e+12 -0.183962 -0.156757
1.42926e+12 0.219059 -0.0743613
6.21087e+12 -0.0105669 -0.126054
1.23091e+12 -0.282323 0.103348
4.19097e+12 0.0862345 0.0156456
1.90427e+12 0.206211 0.0312251
1.27044e+12 0.223895 -0.0417004
3.02395e+12 -0.122884 -0.0570462
9.0453e+12 0.177672 0.199727
5.2212e+12 0.00188149 -0.0984334
3.25353e+12 0.245546 0.16142
1.41144e+13 -0.0514949 -0.246076
3.5516e+12 0.0931346 -0.0324495
4.36509e+11 0.30541 -0.0481676
8.94941e+12 -0.0490331 0.108948
7.26251e+12 0.159253 -0.229516
4.91805e+12 0.031534 -0.0914739
1.72815e+12 0.205809 -0.0865067
4.0714e+12 0.0685274 -0.00978029
3.15185e+12 0.23705 0.145026
3.16936e+12 -0.215796 -0.191385
4.76539e+12 0.103954 -0.125335
5.20688e+12 -0.111684 0.0722375
6.49366e+12 -0.0795881 -0.153351
1.47491e+13 0.0121159 0.162394
3.48048e+12 -0.193772 0.101291
1.80608e+12 0.279849 0.144521
2.61887e+12 -0.177473 -0.116197
1.55037e+13 0.123376 0.21705
3.13714e+12 -0.120556 -0.0102912
1.45973e+12 0.253601 -0.145016
5.0802e+12 -0.0562069 0.0334493
1.79535e+13 0.0689645 0.201543
7.47665e+12 0.117878 -0.194253
1.21674e+13 -0.0777562 -0.236448
3.04351e+12 -0.119587 -0.030005
2.09446e+12 -0.244875 0.107868
2.52483e+12 0.180342 -0.110834
4.69647e+12 -0.0918126 -0.116454
2.46448e+12 0.243479 0.124429
2.78566e+12 -0.138879 -0.00982419
4.62977e+12 0.117458 -0.131615
2.83919e+13 -0.0628838 0.265354
8.9566e+11 -0.264651 -0.0995406
8.7093e+11 0.266906 -0.0931126
3.59278e+12 -0.174268 0.0826119
2.78073e+12 0.155947 0.0171835
9.63006e+12 0.0371103 -0.187061
1.65172e+13 0.0760761 -0.287097
1.77812e+13 0.00270365 -0.273903
9.6746e+12 0.153621 -0.268901
5.19844e+12 0.0125349 -0.0982062
4.06421e+12 -0.0537201 -0.0460165
4.62754e+12 -0.0697146 0.0245004
1.99111e+13 0.0252627 0.201539
2.72024e+12 0.19689 -0.143357
8.41838e+11 0.258437 -0.0460905
1.00998e+13 0.139603 0.17531
2.55766e+12 -0.172934 0.031584
1.75924e+13 0.0405941 0.188885
4.392e+12 -0.035207 -0.0109816
4.50934e+12 0.244162 0.200501
3.92567e+12 -0.0673604 -0.0528158
3.45089e+12 -0.161046 0.0622644
7.67004e+11 -0.262425 -0.0391723
2.01635e+13 -0.0664827 0.21561
6.0111e+12 0.197173 0.171092
8.86406e+11 -0.280842 0.0579815
1.58378e+13 0.061425 -0.269313
3.65501e+12 0.211997 0.128851
7.07212e+12 0.00010347 -0.143204
1.1936e+13 0.104713 -0.251157
3.30825e+12 -0.23094 0.142673
4.7241e+12 -0.0058872 -0.0778219
6.46238e+12 0.0790851 -0.151191
5.90222e+12 -0.0632757 -0.132946
1.73354e+12 -0.191763 -0.0510492
6.77363e+12 0.179638 -0.245041
2.89375e+12 0.164339 0.0369499
1.79224e+13 -0.144423 0.258708
1.55126e+13 0.137451 0.230081
1.28194e+12 -0.224965 -0.0711167
5.56022e+12 -0.163952 -0.200189
1.40043e+12 0.272164 0.100009
1.97504e+13 -0.0432976 0.204401
9.55209e+11 -0.258649 0.0215858
3.89867e+12 0.100908 -0.0899836
1.68134e+12 -0.238373 -0.143073
1.27431e+12 0.244814 0.036662
1.30181e+12 0.221867 -0.0454797
3.19918e+13 -0.0509001 0.280737
4.06357e+11 0.309777 -0.0387025
6.46548e+12 -0.054086 0.0688983
1.37635e+12 0.268685 -0.162779
5.30032e+12 -0.0748463 -0.123633
1.2883e+13 -0.116199 0.186781
7.4135e+11 -0.276557 0.0191037
4.86299e+12 0.116026 -0.137171
1.50555e+12 -0.22104 -0.097199
1.776e+13 -0.0690729 -0.299098
3.58977e+13 0.00880866 0.291417
1.80617e+13 -0.139685 0.254523
8.10235e+12 -0.116713 0.13098
1.87302e+13 -0.112922 0.234379
1.01467e+12 -0.251827 -0.091849
1.39136e+13 0.0889003 0.1791
7.54964e+12 0.0591268 0.0906918
5.48421e+12 -0.117892 0.0838005
5.05936e+12 -0.161677 -0.185398
4.31103e+12 0.0278918 -0.0307873
8.66191e+12 0.195834 0.216683
1.91786e+13 0.0361608 -0.295615
7.27035e+12 -0.0404287 -0.152455
2.96258e+12 0.162147 -0.111671
3.5125e+12 -0.232893 0.152494
6.49269e+12 -0.11153 0.100503
4.0743e+12 0.0738616 -0.00341483
1.83654e+12 0.253536 0.103406
6.67855e+12 -0.0740323 0.0818564
1.66558e+12 0.240608 -0.141345
8.03587e+11 -0.26752 -0.0860543
9.37041e+12 0.109692 -0.218637
6.22117e+12 0.107141 -0.162867
5.34175e+12 -0.140214 -0.17144
3.44468e+13 0.0241444 0.285753
1.82172e+12 0.261064 0.114476
1.79611e+12 -0.260743 0.11358
3.00814e+12 0.177662 -0.132859
5.07624e+12 -0.101618 0.0612802
1.57609e+13 0.0650145 -0.270462
6.18767e+12 0.0666701 0.0673568
2.86598e+12 -0.14689 -0.088868
1.38678e+13 0.0998653 -0.273022
2.28721e+12 -0.208266 -0.139071
7.56842e+12 0.00671587 -0.152133
2.99279e+12 0.255221 0.166046
4.36451e+12 -0.00760981 -0.0377463
1.47053e+13 -0.105386 0.195971
1.6765e+13 0.0138629 -0.263931
6.89835e+11 -0.273039 -0.0116272
1.12335e+12 -0.253835 -0.113477
4.21316e+12 0.0709011 0.00304222
1.21777e+12 -0.291001 0.117102
4.33328e+12 -0.216852 0.15603
1.3864e+13 0.140985 0.217724
7.01428e+12 -0.153013 -0.220025
3.02563e+12 -0.150778 -0.104149
8.25087e+12 0.0372882 0.0953874
5.39267e+12 0.110446 -0.146725
2.93577e+12 0.221749 0.114913
2.40761e+12 -0.232705 0.10711
1.23768e+12 0.289101 0.114281
5.08788e+12 -0.0248688 -0.0968717
6.4935e+12 -0.0802589 0.0813536
3.00481e+12 0.201414 0.0907874
1.17122e+13 0.164029 0.218754
1.80878e+13 0.045605 -0.287052
4.74789e+12 0.116077 -0.13397
7.51688e+12 0.159698 -0.235169
3.28955e+12 0.111178 -0.0206414
7.89729e+12 0.0853632 0.108182
9.88482e+11 0.247057 -0.0181756
5.1777e+12 -0.203355 0.160373
1.53192e+13 0.053948 -0.259688
5.44875e+12 0.115086 0.0796833
3.32472e+12 -0.10326 -0.0394309
8.09517e+12 0.0370783 0.0929207
2.10893e+12 0.232564 0.0885606
1.44696e+12 0.244916 0.0568918
1.87165e+12 -0.250218 0.102229
4.9806e+12 -0.118786 0.0718034
3.07929e+12 -0.163912 0.049129
6.70837e+12 0.0418151 -0.141654
4.37504e+12 0.214775 0.15434
8.85883e+12 0.182719 0.202972
1.62548e+13 0.0899378 -0.295895
4.42313e+12 0.0631411 -0.0844779
1.67987e+12 -0.257527 -0.173568
8.92552e+12 -0.0918044 0.126974
2.67821e+12 -0.170054 -0.109658
1.56725e+13 0.0944474 -0.292378
3.96806e+12 -0.0616518 -0.0318456
2.96935e+12 -0.147864 0.0218781
1.45594e+13 -0.0307795 -0.244067
5.79844e+12 -0.0886862 0.0710854
1.14985e+13 0.0725746 0.147728
1.40841e+13 0.101267 -0.277287
1.51557e+13 -0.0373247 0.169496
3.91072e+12 -0.163531 -0.154418
1.59414e+13 0.0584356 0.182053
1.86378e+13 0.00849102 0.191173
4.30403e+12 0.128811 0.0585158
1.1471e+12 -0.22992 -0.0374663
1.84115e+12 0.198376 -0.0840355
1.45679e+13 -0.112399 0.199666
1.20878e+13 -0.0119089 0.138398
2.92987e+13 0.0760081 0.279881
1.04576e+12 -0.277554 0.0742888
7.39933e+12 0.187724 0.185714
9.29501e+11 0.252496 -0.0153342
3.16803e+12 -0.122552 -0.0733596
4.87206e+12 -0.0558892 -0.100686
3.96488e+12 0.157622 0.0757153
3.69155e+12 0.185715 -0.169075
5.62072e+12 0.0330632 -0.114627
4.51341e+12 0.0530647 0.00677151
9.39158e+11 0.262313 0.0212233
2.31417e+13 -0.0564969 0.230579
6.56968e+12 -0.0987093 0.0935071
5.32191e+12 -0.00399308 0.0272232
1.49518e+12 -0.212355 -0.0010322
4.74364e+12 0.0791665 -0.107825
9.79329e+11 -0.276085 0.0626501
6.86915e+12 0.19887 0.189975
1.60466e+12 0.230855 -0.120329
3.87365e+12 0.171646 0.0878547
1.2582e+13 -0.0216058 0.144196
1.8729e+12 0.203211 0.0224494
4.45294e+12 0.0169577 -0.0166637
4.22939e+12 0.0511066 -0.0148089
2.25525e+12 -0.269027 0.153734
3.49297e+12 -0.178899 -0.156923
4.08021e+12 0.0920554 -0.0906738
2.92429e+12 -0.200517 -0.160587
1.00433e+13 -0.0139697 0.116199
3.3759e+12 0.103249 -0.0373437
3.58656e+12 0.112105 0.00915286
3.25685e+12 -0.109509 -0.054525
6.14171e+12 -0.0518311 -0.133777
2.71517e+12 -0.26036 0.162207
3.56007e+12 -0.237732 0.160909
3.04225e+12 0.165965 -0.120372
8.89326e+12 0.0445761 0.106608
1.71576e+13 0.0882736 0.2056
1.40593e+13 -0.0848395 0.178071
3.30862e+12 0.1398 -0.102418
2.67589e+12 0.227303 0.111136
1.19083e+12 -0.226657 -0.0381925
4.32156e+12 -0.100189 0.0356113
1.23499e+13 -0.0988717 -0.253718
2.4945e+12 0.153503 -0.0204671
1.00657e+13 0.0284701 -0.191042
1.18963e+13 -0.158787 0.214333
2.35601e+12 0.176425 -0.0928689
4.65871e+12 0.153414 0.0926333
2.70239e+12 -0.219416 -0.175956
6.24717e+12 -0.127673 -0.180623
6.21209e+12 -0.0977043 0.08575
7.45508e+12 0.0870191 0.101891
6.31378e+11 -0.305496 0.0612532
1.90319e+13 -0.0340117 -0.293907
1.45496e+13 0.0365716 0.164361
2.05913e+12 -0.248306 -0.18463
4.03314e+12 0.0803972 -0.0768912
3.67738e+12 -0.155056 -0.137495
7.95243e+11 -0.270194 0.015626
5.76612e+12 -0.0235179 -0.117012
2.81406e+12 -0.136251 -0.0128748
4.22988e+12 -0.0387983 -0.0267225
3.94171e+12 -0.0809119 -0.0744022
9.77164e+12 0.138476 -0.251703
3.42099e+12 0.115307 0.00181665
3.17377e+12 0.130582 0.00640873
4.4492e+12 0.033996 -0.0677385
6.23995e+12 -0.0680542 -0.142534
5.62168e+12 -0.0438371 0.0448331
7.61522e+12 -0.157038 0.156587
7.63112e+12 0.00246501 -0.153106
9.16327e+12 -0.0863242 -0.201437
3.1812e+12 -0.200789 -0.171662
5.26998e+12 0.175232 -0.203178
3.78777e+13 0.00183532 0.302534
4.92264e+12 0.0509766 0.0240943
3.37491e+12 -0.24575 0.16614
9.23576e+12 0.132086 -0.236085
4.62958e+12 0.000347897 -0.0719266
4.28759e+12 0.0606747 -0.0750342
7.0872e+12 0.18085 -0.254136
1.71425e+12 -0.197588 -0.0056736
7.85805e+12 0.030217 0.0876619
3.02986e+12 -0.209495 -0.176903
3.83026e+12 -0.0777354 -0.0166565
2.30091e+12 0.16186 -0.0425736
6.21174e+14 -0.061822 -0.0731159
9.40472e+15 0.0926858 0.0893004
3.76656e+16 0.126742 0.262937
2.95583e+15 0.248656 0.102486
1.12782e+15 0.193121 -0.00043111
1.85687e+13 0.273229 -0.147919
6.74152e+15 -0.00196729 0.0512077
2.24768e+16 -0.0280023 0.145739
3.11094e+15 0.12337 0.0264781
2.3626e+16 0.144279 0.206312
3.17828e+14 0.0184678 -0.107065
2.36285e+14 0.265211 -0.0395341
1.29478e+14 0.277009 -0.061218
4.28061e+16 0.00405529 0.216637
4.62884e+14 -0.0775687 -0.0841055
3.54771e+14 -0.080776 -0.0954604
3.0527e+12 0.118543 -0.273824
1.75032e+14 -0.124826 -0.116246
1.89533e+12 -0.0450237 -0.307779
1.01535e+16 0.209171 0.173853
1.32151e+14 0.204084 -0.100373
1.45819e+15 -0.065202 -0.0308594
2.4936e+16 0.117323 0.190932
7.66946e+14 0.270869 0.0296616
3.21145e+16 -0.00553147 0.180511
2.18035e+15 -0.132838 0.00922098
3.0181e+16 -0.16188 0.27045
1.32643e+16 -0.186455 0.178874
4.89338e+15 -0.057941 0.0361512
1.83669e+14 0.0773131 -0.124387
7.4112e+15 -0.218449 0.151998
4.59299e+12 -0.147953 -0.250259
2.04289e+13 -0.0582078 -0.212175
8.82802e+12 -0.047669 -0.244215
3.61444e+16 -0.086884 0.219479
1.13097e+15 -0.128522 -0.0281176
1.51185e+15 0.247087 0.0531376
1.18907e+15 0.144212 -0.0199819
1.9676e+15 0.0348479 -0.0191925
6.14602e+14 0.155523 -0.0493469
8.26535e+15 0.00233912 0.0648222
4.54959e+15 0.253456 0.144505
3.76545e+16 -0.136015 0.277253
3.08383e+15 -0.250865 0.108326
1.93558e+16 -0.125846 0.168455
2.60577e+14 0.0387909 -0.114343
7.27081e+13 0.106804 -0.156447
3.25385e+14 0.236952 -0.0412744
5.88424e+16 0.0596513 0.297673
5.33743e+13 -0.0228448 -0.178917
6.81422e+14 -0.15281 -0.0451652
3.82624e+16 0.134652 0.278467
4.8521e+15 -0.04629 0.0337372
4.0905e+13 -0.280187 -0.111107
6.36091e+16 0.0384314 0.307127
7.73222e+15 0.0855941 0.0728442
7.69359e+15 -0.0154274 0.0603622
3.18375e+14 -5.96193e-05 -0.107353
1.64246e+14 -0.134863 -0.116177
1.22986e+16 0.205359 0.191259
3.34268e+13 -0.073208 -0.19202
1.75022e+12 -0.0491535 -0.311272
9.75347e+15 0.178975 0.14059
4.7375e+15 0.215113 0.109088
3.71404e+16 -0.0134562 0.19827
8.82064e+12 -0.123562 -0.232165
4.73649e+14 -0.144316 -0.0658628
1.52524e+14 -0.0101536 -0.138066
2.5833e+13 0.226587 -0.15792
1.52719e+13 -0.0882159 -0.218845
2.88952e+13 -0.228943 -0.15229
2.59201e+14 -0.164139 -0.0866459
1.95364e+15 0.267714 0.0896148
1.4759e+14 -0.256529 -0.0677845
7.44835e+13 0.00767162 -0.166562
5.89198e+13 0.272276 -0.100205
1.79444e+15 0.205101 0.0338337
2.26901e+16 -0.0354042 0.147754
2.52534e+16 -0.171814 0.250764
1.98711e+16 0.114764 0.164048
1.7745e+16 -0.135425 0.165906
4.65101e+12 -0.219267 -0.225477
9.47802e+13 0.190023 -0.12058
2.73534e+16 -0.0477014 0.169116
1.27451e+13 -0.00369482 -0.232712
1.56954e+15 0.211665 0.0298054
1.09353e+14 0.174092 -0.120659
5.9123e+16 0.04162 0.285311
3.00305e+12 -0.0676497 -0.284062
3.54246e+16 -0.0766383 0.210756
4.52628e+16 0.0171177 0.225833
1.28636e+16 0.0976545 0.115726
9.62791e+13 0.04979 -0.154154
8.05636e+13 -0.0624914 -0.159731
1.39196e+15 -0.245698 0.0468804
1.24295e+13 -0.244582 -0.177882
3.92635e+16 0.12698 0.272536
2.5597e+14 -0.0036192 -0.116672
6.05401e+15 0.0754302 0.0534382
6.22856e+13 -0.185729 -0.139465
4.73382e+16 0.071447 0.253849
6.28984e+12 0.0993447 -0.249881
2.74492e+13 0.117925 -0.191463
1.80592e+13 0.0475045 -0.217814
1.17636e+14 0.0829902 -0.14175
5.4333e+12 0.218785 -0.220132
2.77734e+16 -0.11086 0.199887
9.93417e+15 0.0825882 0.0900919
2.14916e+16 0.0934707 0.160736
1.60835e+14 0.0726832 -0.130615
1.84956e+16 -0.184446 0.218397
1.04424e+16 0.0787012 0.0926667
4.94982e+16 -0.0560158 0.25315
2.78731e+14 0.0811516 -0.10601
2.52815e+14 0.191692 -0.0767171
1.41001e+16 0.0384265 0.106845
4.61512e+14 -0.283036 0.00979231
3.32624e+15 0.0908583 0.0200744
3.12495e+16 -0.0562671 0.186425
5.07506e+16 -0.069477 0.266977
9.09891e+13 -0.255639 -0.0905086
9.8037e+12 -0.0138998 -0.242265
9.02441e+13 0.108991 -0.147399
1.75466e+14 0.267194 -0.0529835
2.49465e+16 0.158836 0.229943
3.4915e+13 -0.0236823 -0.194901
1.08763e+16 -0.00940861 0.0843888
2.11676e+16 -0.185669 0.241326
1.13057e+13 -0.205636 -0.197991
2.06989e+14 0.279805 -0.0361731
3.62242e+14 -0.158568 -0.0733737
6.52331e+14 -0.218007 -0.0162251
7.79791e+15 0.0998812 0.0781368
1.40178e+14 -0.108607 -0.12951
1.25849e+14 -0.25552 -0.0758247
6.92787e+14 0.305249 0.0546095
1.75795e+16 0.0316538 0.1241
3.2757e+14 -0.306881 0.0103121
4.10535e+13 -0.125961 -0.174251
1.03682e+13 0.206954 -0.200862
9.16708e+13 0.218501 -0.109641
1.96e+15 0.165867 0.0172387
1.34241e+16 -0.160956 0.156758
5.85937e+16 -0.0250578 0.275908
4.10907e+14 0.0397806 -0.0944655
2.1859e+15 -0.0719025 -0.00814607
2.29822e+15 -0.109201 0.00405675
9.42205e+15 0.229159 0.190291
4.18231e+14 0.230197 -0.0325348
1.84127e+13 0.218134 -0.174708
9.17396e+12 0.055505 -0.242086
2.38863e+16 -0.0123407 0.150025
1.3796e+13 -0.180117 -0.199753
9.54776e+14 0.214857 0.00265562
1.34755e+13 -0.0371947 -0.229376
2.05378e+16 -0.0922679 0.155752
3.05204e+13 0.0788954 -0.194673
3.67788e+13 0.180634 -0.162393
1.0329e+16 -0.0293032 0.0820383
6.09248e+12 -0.0191103 -0.260042
5.43598e+16 -0.0783717 0.29327
2.43347e+14 -0.265043 -0.0379644
7.71836e+15 -0.023944 0.0611482
2.9294e+14 0.0945277 -0.101293
1.55342e+15 0.236313 0.0464409
3.02493e+14 0.0593869 -0.105772
3.85597e+16 -0.122527 0.262724
3.29387e+16 -0.127907 0.239436
2.09059e+15 0.0173676 -0.0171715
1.5956e+13 -0.0647101 -0.220552
3.84201e+16 -0.135077 0.280762
5.18234e+16 0.0756891 0.276898
5.06239e+15 0.203475 0.104668
1.38994e+16 -0.0338019 0.105083
5.49327e+12 -0.120174 -0.250546
1.49701e+16 -0.17602 0.181849
2.09451e+16 -0.0391909 0.140909
4.86211e+14 -0.113162 -0.0740456
5.36993e+13 -0.266069 -0.1077
1.05598e+15 0.00845531 -0.0523177
7.95957e+12 -0.15083 -0.229041
3.5624e+16 0.103533 0.228996
2.69149e+15 0.184511 0.0467636
6.16198e+13 0.103604 -0.163589
4.02662e+12 0.118881 -0.262834
6.40939e+16 -0.00120688 0.29668
1.10663e+14 0.255758 -0.0817645
7.03379e+14 -0.244229 0.00462628
2.26159e+13 0.0926837 -0.203649
6.38251e+15 0.0461985 0.0510895
1.09675e+15 -0.115965 -0.0336616
5.37002e+15 0.0457067 0.0399402
1.32446e+16 -0.163814 0.157733
5.2313e+13 0.166281 -0.15343
4.44497e+16 0.00279858 0.222064
7.17944e+15 -0.116885 0.0789313
2.34357e+16 -0.104348 0.175727
1.30625e+15 0.176033 -0.0010287
1.97697e+16 0.110467 0.161043
6.53619e+15 -0.16429 0.0967143
2.08033e+13 0.148139 -0.194334
3.32164e+12 0.188816 -0.249706
7.78095e+15 0.174372 0.117257
2.1253e+16 0.127048 0.179271
7.81078e+15 0.161048 0.108442
7.83474e+12 0.0640537 -0.247028
2.41673e+15 0.145505 0.0202576
4.74296e+16 0.106706 0.291241
4.52867e+15 -0.174177 0.0758253
8.62804e+15 -0.218093 0.166966
1.09876e+15 0.218652 0.0130468
5.01484e+16 0.0132414 0.241955
1.78123e+12 0.0709442 -0.307293
4.16112e+15 -0.267625 0.154026
2.91632e+12 0.00752495 -0.290222
3.61437e+16 -0.0116785 0.194749
1.47987e+16 -0.0263481 0.109192
8.75789e+14 0.223763 0.0032907
1.20412e+16 -0.0623166 0.0992229
1.64327e+15 -0.15851 0.00376933
1.28453e+16 0.0723999 0.1069
7.81844e+15 0.0973498 0.0774335
1.68692e+13 -0.082008 -0.216153
2.16076e+16 0.120266 0.176449
2.02469e+14 0.279999 -0.0371568
2.28122e+16 0.108963 0.175299
2.04661e+12 -0.0756447 -0.299663
1.38481e+15 -0.0158167 -0.0386178
2.08078e+14 -0.113033 -0.11187
2.23568e+15 0.154257 0.0195261
1.03874e+16 0.0710362 0.0901164
1.82445e+14 0.243144 -0.0658416
1.2078e+15 0.19248 0.00307156
5.15433e+15 0.203408 0.106042
2.95646e+16 0.140494 0.235182
1.29719e+14 -0.151097 -0.121234
7.66649e+14 0.209661 -0.012504
9.14073e+13 -0.181431 -0.125318
1.99428e+16 0.133267 0.176685
2.18026e+16 -0.152973 0.204528
5.14568e+16 0.0482107 0.256605
7.11031e+15 0.0205167 0.0553857
2.13499e+12 -0.109696 -0.290645
1.48557e+15 0.0265391 -0.0344883
6.43178e+13 -0.289558 -0.0853025
1.06267e+13 0.0187787 -0.239139
3.64331e+15 -0.0131969 0.0136002
8.98028e+15 -0.133569 0.103609
2.50791e+16 -0.0992789 0.180403
1.12727e+16 -0.0811068 0.0993442
2.24643e+15 -0.151225 0.0185711
3.64954e+16 0.0258909 0.197572
3.61101e+14 -0.231381 -0.0391441
4.85275e+16 0.0280869 0.238942
6.54541e+12 0.0502088 -0.25529
2.53542e+15 0.238927 0.0819768
6.68308e+14 0.185852 -0.0321345
1.14193e+16 0.146412 0.130938
1.29453e+16 -0.205853 0.198556
1.42124e+16 0.167418 0.167799
4.43984e+16 0.0886126 0.254712
3.52287e+16 0.0105121 0.191529
1.63458e+13 -0.108217 -0.212706
1.39543e+13 0.256655 -0.167786
9.46969e+15 -0.21904 0.178156
7.56384e+12 -0.126808 -0.237093
1.04834e+14 0.295322 -0.0587826
3.06906e+14 0.0981414 -0.0984879
8.77598e+12 0.0133781 -0.246424
2.07879e+16 -0.185805 0.238462
4.9541e+16 -0.00421138 0.239216
1.65281e+16 0.186266 0.204913
3.82053e+16 -0.125954 0.265311
4.78956e+14 0.184479 -0.0495168
2.23042e+12 -0.0149142 -0.302143
5.29769e+13 0.0901322 -0.171963
2.1306e+15 -0.263544 0.0922551
4.30927e+13 0.0250832 -0.186946
6.64886e+15 0.0579887 0.0557947
7.51459e+13 0.253652 -0.10027
4.24973e+16 0.121427 0.283816
7.69091e+14 0.137243 -0.0448651
6.59923e+15 0.229437 0.152364
3.5401e+15 -0.194666 0.0717916
2.96087e+16 -0.144392 0.240418
4.07153e+15 0.264424 0.147429
3.82299e+13 0.0211273 -0.191624
1.79084e+15 -0.215709 0.0408723
9.93574e+13 -0.0884226 -0.147549
3.90052e+13 0.195369 -0.154648
1.90452e+15 -0.273687 0.0940811
1.45714e+15 -0.253555 0.05629
1.13541e+16 0.0275409 0.088781
3.08795e+14 -0.170801 -0.0761003
3.31621e+15 0.00445773 0.00794144
3.99975e+12 -0.0598085 -0.273345
1.59071e+16 -0.178138 0.191147
1.81002e+15 0.093093 -0.0137125
1.35163e+16 -0.179572 0.173988
6.15243e+13 0.208863 -0.130758
1.68424e+16 -0.146051 0.168285
8.39724e+15 -0.0890821 0.0798896
6.67535e+12 -0.214152 -0.214207
1.45223e+16 3.5062e-06 0.106277
7.95861e+15 0.200092 0.140276
4.46734e+16 -0.0840468 0.252347
1.5936e+15 0.279126 0.0860715
1.84849e+12 0.0370033 -0.309956
2.76984e+16 -0.0241625 0.165965
7.2587e+14 -0.0708719 -0.0643812
1.33264e+14 -0.290202 -0.0505588
3.55866e+15 0.036681 0.0139153
4.3651e+16 0.106212 0.269076
5.48193e+13 -0.251937 -0.114662
3.60909e+15 0.0753825 0.0211081
5.11816e+12 -0.0583077 -0.263812
5.20401e+14 -0.0367798 -0.0840956
4.97107e+12 0.000566944 -0.268312
1.96527e+16 0.11688 0.164171
1.22675e+15 0.242112 0.0358922
5.33464e+15 0.110949 0.0559983
1.25295e+16 0.216895 0.209103
2.44568e+12 0.120045 -0.282538
9.17072e+14 0.154174 -0.0296929
5.21817e+16 0.0274615 0.251741
1.30403e+13 0.190713 0.156899
1.64214e+13 -0.081214 0.22745
1.71595e+13 0.189122 -0.242977
1.72506e+13 -0.220821 0.0694298
1.85453e+13 -0.145702 0.160619
1.86085e+13 0.0898225 0.204937
1.22564e+13 -0.0102249 0.297083
4.14472e+13 0.0245331 -0.243417
9.11257e+12 -0.300518 -0.0539591
2.12599e+13 -0.106118 -0.288455
1.24578e+13 -0.182879 0.17306
1.13955e+13 0.280975 -0.0205744
6.53568e+13 0.0622871 -0.155323
9.20185e+12 -0.297976 -0.10383
2.51415e+13 -0.195269 0.0482653
7.45914e+13 -0.0396535 0.00421327
7.43485e+13 0.0643113 -0.111812
9.48889e+12 -0.139142 0.261207
3.58685e+13 -0.0296989 0.139954
1.87171e+13 0.0460607 0.224996
6.33649e+13 -0.100777 -0.0139703
2.02882e+13 0.19336 0.0888524
3.0834e+13 0.0279052 -0.276597
5.56792e+13 -0.120278 -0.00528681
3.02616e+13 -0.0746392 0.14725
8.6293e+13 -0.0104927 -0.0575299
4.63925e+13 -0.120266 -0.173922
6.22332e+13 -0.112168 -0.095854
1.99786e+13 -0.160461 0.135053
1.25745e+13 0.162998 0.195268
4.38568e+13 0.140908 0.0239223
4.20156e+13 0.139036 0.0373179
3.26297e+13 -0.0612524 0.143143
1.68558e+13 -0.185973 0.127953
2.33734e+13 -0.0893036 -0.287113
1.98231e+13 -0.179758 -0.237446
3.06356e+13 0.0371065 0.159781
5.03767e+13 -0.144951 -0.0970681
7.8569e+13 0.0332753 -0.121094
1.04079e+13 -0.0786487 0.298581
4.1695e+13 -0.111706 -0.201806
5.36334e+13 -0.136648 -0.0390484
1.29679e+13 0.0554142 0.276671
1.04126e+13 0.146016 0.24076
1.68095e+13 0.22817 0.0572661
3.15509e+13 -0.0455933 -0.270979
9.40875e+12 0.139274 0.263387
4.20707e+13 0.105643 0.0768189
1.18026e+13 0.280162 -0.0341971
6.34865e+12 0.244808 0.17472
3.28682e+13 0.194027 -0.0973276
4.20652e+13 -0.0579258 -0.233158
4.93303e+13 -0.149113 -0.0893815
1.08502e+13 0.108308 0.270902
4.15859e+13 -0.102862 0.0818711
3.64462e+13 -0.18165 -0.0211124
1.80932e+13 0.0960956 0.204795
5.2429e+13 -0.0915965 0.0495417
2.89985e+13 0.145249 0.0969542
1.26124e+13 0.271778 -0.122107
9.04838e+12 -0.133786 0.274199
1.47893e+13 0.0348298 0.263352
9.19912e+12 0.217813 0.16673
4.12278e+13 0.127595 -0.186091
5.51909e+13 -0.128475 -0.0232062
6.29318e+13 0.104031 -0.0210078
1.05563e+13 -0.269656 0.0492525
5.82587e+13 0.105279 0.0059913
2.86261e+13 0.209668 -0.0760685
5.3988e+13 0.0625254 0.0648689
4.62483e+13 -0.0636335 0.0910593
4.05228e+13 0.164711 -0.00769523
1.23534e+13 -0.257872 0.0488338
1.98524e+13 0.22425 0.0312643
1.65682e+13 -0.164398 0.156282
1.55052e+13 -0.000998536 0.260614
2.44789e+13 0.0530492 0.185302
2.34456e+13 0.133246 0.140257
1.39198e+13 0.113417 0.229118
3.40441e+13 0.010008 0.149781
2.2994e+13 -0.0896052 -0.288628
1.03337e+13 -0.0622725 0.308996
9.45416e+12 0.21981 0.160024
2.03213e+13 0.14027 -0.270182
6.93914e+13 0.0218336 0.0309255
8.39325e+13 0.0327914 -0.0795704
2.05164e+13 -0.232455 -0.000977354
2.17201e+13 -0.198369 -0.199131
1.66504e+13 -0.25214 -0.120804
1.36697e+13 -0.234911 0.0818578
1.34558e+13 0.01068 0.282307
5.11221e+13 0.00677739 -0.2174
2.63984e+13 -0.0390877 0.179396
8.57447e+12 0.274554 0.0736957
1.85976e+13 -0.0521384 0.223579
3.21318e+13 -0.052777 -0.267087
2.8574e+13 0.179591 -0.179678
6.71523e+12 0.226213 0.197015
1.60739e+13 0.234268 0.0521626
3.81937e+13 0.179744 -0.0824935
1.35433e+13 0.200106 0.139022
1.72095e+13 0.0389101 0.239384
2.68155e+13 0.171449 0.075667
9.12803e+12 0.268002 0.078275
1.54945e+13 0.134266 0.195888
1.40162e+13 0.00430593 0.276229
1.35364e+13 -0.268452 -0.11889
1.83373e+13 0.0929203 0.205014
6.54616e+13 0.105266 -0.0626975
3.98792e+13 0.143362 0.0420707
4.60629e+13 -0.126977 -0.166816
3.325e+13 -0.104572 0.115185
4.19288e+13 -0.151851 -0.148163
1.05676e+13 -0.121171 0.262688
5.80587e+13 0.0851431 0.0326968
3.62014e+13 -0.10017 0.105909
3.33465e+13 -0.177702 0.0210032
8.24614e+13 -0.0356372 -0.0950475
6.46035e+13 -0.108759 -0.0589777
6.49679e+13 0.0935364 -0.119923
3.21973e+13 0.0259916 0.155414
2.83619e+13 0.0695184 0.158508
2.06806e+13 -0.165781 -0.247161
2.95518e+13 0.2017 -0.0178005
8.81641e+12 0.300055 -0.0324344
6.66417e+13 0.0788315 0.00212427
1.23156e+13 0.255662 -0.181796
2.19744e+13 -0.234572 -0.0790999
1.14907e+13 -0.0635946 0.29142
9.5444e+12 0.102973 0.29566
1.20142e+13 0.135627 0.230468
3.1053e+13 -0.199128 -0.108711
7.08008e+12 0.312189 -0.014922
4.38193e+13 0.151201 -0.133861
1.64537e+13 -0.251816 -0.0056574
4.08092e+13 0.171229 -0.0915716
7.09596e+12 -0.268178 0.118378
3.42777e+13 -0.188055 -0.0199939
4.42339e+13 -0.136183 -0.162468
1.11878e+13 -0.218734 0.138918
2.17668e+13 0.226207 -0.130423
5.96398e+13 0.061458 0.0460563
3.82427e+13 0.177625 -0.0983326
2.38719e+13 -0.0762472 -0.290367
1.98088e+13 0.0765643 0.203899
1.57393e+13 0.223335 0.0790654
6.16981e+12 0.280803 0.112494
5.29562e+13 -0.125612 0.000832449
1.67564e+13 -0.0684482 0.231443
5.59758e+13 0.06653 -0.184767
6e+12 0.214042 0.231952
2.73776e+13 -0.155982 0.0940392
2.66376e+13 -0.176463 0.0703539
4.41285e+13 0.15112 -0.13178
8.01809e+12 -0.161349 0.261374
1.05329e+13 0.287261 -0.105458
4.12155e+13 -0.127507 -0.187882
1.10956e+13 -0.179502 0.192779
3.4319e+13 -0.184003 -0.00497154
1.37244e+13 -0.116581 0.228024
8.07015e+13 -0.0043002 -0.0102766
1.7478e+13 -0.0703825 0.224427
1.6696e+13 -0.188609 -0.248694
6.89866e+12 -0.279522 0.0995311
1.33686e+13 -0.150325 0.200184
2.90385e+13 0.0211776 0.170173
5.17202e+13 0.14179 -0.0460381
3.62537e+13 0.185812 -0.0553099
4.89726e+13 0.0276721 -0.220851
8.39045e+13 0.0346224 -0.0736575
5.76581e+13 -0.00266594 0.0708335
3.10231e+13 0.152605 0.0769171
3.36618e+13 -0.0371807 0.146977
4.59284e+13 -0.15007 -0.124018
1.52891e+13 0.260699 -0.100825
6.27069e+13 -0.101013 -0.0101674
3.00197e+13 -0.0987067 -0.255286
3.47123e+13 -0.180961 -0.132877
6.17626e+13 -0.0705331 -0.163183
1.08849e+13 -0.241438 0.105508
1.66266e+13 -0.0921224 0.218947
3.82621e+13 0.0807537 0.1104
4.47557e+13 -0.15083 -0.131157
2.15566e+13 0.209662 -0.17739
2.29796e+13 0.201085 0.0530508
5.95794e+13 -0.104432 0.0019635
3.63691e+13 -0.0159895 0.140189
1.55378e+13 0.111817 0.214691
7.66015e+12 -0.261238 0.12057
5.16081e+13 -0.143817 -0.0820168
6.04085e+13 -0.0218038 -0.189383
2.54916e+13 0.218138 -0.100594
3.47812e+13 0.13428 -0.207083
2.94627e+13 -0.0490531 -0.277428
3.78501e+13 0.140555 0.0568294
6.77163e+13 -0.0509671 0.0243485
5.58439e+13 -0.130819 -0.0924256
5.09725e+13 0.0234082 0.0892646
1.17628e+13 0.281485 -0.0476086
2.79591e+13 -0.159188 -0.214081
1.28009e+13 -0.0134228 0.289845
2.4763e+13 0.085012 -0.28241
1.15096e+13 0.276549 0.000256794
5.10097e+13 0.0270903 0.088385
1.90014e+13 -0.21576 -0.191424
5.69113e+13 0.094495 0.0273536
7.11177e+13 -0.085103 -0.0952371
2.06233e+13 -0.17595 -0.236694
1.11045e+13 -0.0191038 0.311745
2.76635e+13 0.181796 0.0529589
1.23727e+13 -0.259696 0.0436203
2.02895e+13 -0.202356 0.0751547
3.10565e+13 -0.203098 -0.0734416
2.13294e+13 -0.162582 -0.246582
6.92288e+13 -0.095116 -0.0590474
2.08157e+13 -0.149804 -0.261115
1.04474e+13 -0.284041 0.00241103
2.84001e+13 0.190847 0.0286995
3.20044e+13 -0.0511934 -0.26797
5.30126e+13 0.0444477 0.0767438
7.7598e+13 0.0199579 -0.132074
3.11069e+13 0.027024 -0.275797
2.29038e+13 0.0116661 0.203539
7.91649e+13 -0.0589102 -0.0817625
3.72565e+13 -0.0717912 0.119593
7.46651e+13 0.0558477 -0.0108334
1.07504e+13 -0.288823 -0.0453473
2.16132e+13 0.133529 0.151219
1.02117e+13 -0.0873092 0.295848
7.05602e+13 -0.0845586 -0.102071
7.34504e+13 -0.0247543 0.015803
1.09406e+13 -0.00577688 0.315498
4.12575e+13 0.166855 -0.0235234
2.5001e+13 -0.165621 -0.222668
1.52009e+13 -0.00395292 0.26359
2.40967e+13 -0.13891 -0.253236
5.84108e+12 -0.290698 0.100644
7.07822e+12 -0.177739 0.259148
2.03934e+13 0.153317 0.139637
8.09504e+13 -0.0263063 -0.0185819
1.29068e+13 -0.101022 0.249434
2.39072e+13 -0.14853 0.122733
2.67475e+13 0.213995 -0.0985179
1.19505e+13 0.0874614 0.271667
7.56842e+13 -0.0695838 -0.0931207
1.34555e+13 0.259364 -0.152615
7.84464e+13 -0.0479515 -0.109816
1.04421e+13 -0.204182 0.169087
8.83648e+12 -0.234181 0.147288
7.83797e+13 0.051116 -0.10441
1.60772e+13 -0.171083 0.152771
1.84634e+13 -0.245165 -0.113594
8.37373e+13 -0.00492897 -0.0277109
9.12857e+12 0.151152 0.25483
1.79524e+13 -0.0760836 0.217668
1.68797e+13 0.0942585 0.215736
1.35066e+13 0.197483 0.143029
7.61119e+13 -0.0239267 0.0056112
6.54133e+13 -0.0529133 -0.162361
1.38734e+13 -0.143559 0.201922
2.0239e+13 0.236599 -0.111582
1.93834e+13 -0.120486 -0.289619
8.24591e+13 0.00841674 -0.111764
4.61436e+13 0.157426 -0.0500805
1.79862e+13 -0.249666 -0.0357649
7.45679e+12 -0.212604 0.202684
5.05337e+13 -0.0869131 -0.190063
2.62688e+13 0.0203184 -0.29387
2.68306e+13 -0.216706 -0.0518165
3.58755e+13 0.153659 0.048219
8.35089e+12 0.252094 0.124209
2.2415e+13 -0.194233 -0.200588
5.48834e+13 -0.0488265 0.0691957
2.25928e+13 -0.120948 0.156231
6.26219e+13 -0.101311 -0.0102255
3.68265e+13 0.166859 0.0171589
3.51311e+13 -0.0581395 0.134195
3.31239e+13 0.0733637 0.135265
1.53257e+13 -0.166723 0.164195
3.87632e+13 -0.179575 -0.0792987
1.30448e+13 -0.27312 -0.0262437
3.25608e+13 -0.0799298 -0.255504
2.66722e+13 -0.155547 -0.224863
3.20669e+13 -0.109941 -0.240243
5.07589e+13 0.00257114 0.0921623
1.76163e+13 -0.252958 -0.0595686
4.01745e+13 -0.153695 0.0240943
1.9645e+13 -0.242954 -0.0402034
3.62663e+13 -0.175662 -0.133933
1.60428e+13 0.0545629 0.244408
1.36384e+13 0.110563 0.234409
2.31455e+13 -0.193215 0.0678667
5.08495e+13 -0.0791643 -0.194487
1.42574e+13 -0.0402864 0.267141
1.45515e+13 0.015909 0.269505
8.58161e+13 -0.0201631 -0.0634655
6.51821e+13 0.102064 -0.0965945
7.9704e+12 0.201614 0.209761
2.57873e+13 -0.113169 0.144423
1.64152e+13 0.256789 -0.0478733
6.57936e+13 0.0314353 -0.170275
8.85389e+12 0.26626 0.087278
7.05161e+13 -0.0853223 -0.0321268
2.17288e+13 -0.19808 0.0706557
5.84846e+12 0.273042 0.135725
4.09063e+13 0.109116 0.0784208
9.53335e+12 -0.29762 -0.0754472
9.15226e+12 -0.1678 0.233816
1.24825e+13 0.254278 -0.182586
1.62181e+13 0.245088 0.0205376
6.7324e+13 -0.073816 -0.138025
3.0795e+13 -0.0407699 -0.27468
2.85217e+13 -0.00548053 0.174011
2.02831e+13 0.162506 -0.251203
1.41273e+13 0.0673588 0.257746
2.699e+13 0.214944 -0.0512746
1.25435e+13 0.189868 0.163291
3.19326e+13 0.0774093 0.138244
2.81328e+13 0.0145385 0.175256
1.37773e+13 -0.0782614 0.25503
3.67315e+13 0.1365 -0.195892
5.24654e+13 -0.0217175 -0.212187
2.59819e+13 0.218459 -0.0514591
1.79174e+13 -0.0724124 0.219872
5.21843e+14 0.0342625 0.228333
2.56403e+14 -0.20506 0.120513
5.12207e+14 0.0539139 0.223556
2.48477e+14 -0.179309 -0.0682532
4.89761e+14 0.115678 0.016186
2.94728e+14 0.0500118 -0.236889
8.91819e+13 -0.236188 -0.207702
2.09096e+14 -0.216686 0.0129421
1.17005e+14 -0.206857 -0.220115
4.7445e+14 0.114353 -0.00223808
9.43153e+13 -0.278682 -0.00010017
5.22385e+14 -0.0725411 -0.0417165
1.58545e+14 0.217114 -0.0956003
2.14043e+14 0.16843 -0.152844
3.47832e+14 -0.0682438 0.278703
4.40768e+14 0.123707 -0.0100492
1.54991e+14 0.237555 -0.0176657
4.60728e+14 0.0233342 -0.129993
1.72246e+14 0.138281 -0.259551
1.04358e+14 0.274406 0.0158061
1.23722e+14 0.186474 -0.248323
1.84229e+14 -0.188349 -0.145096
1.12866e+14 -0.255348 -0.0541107
1.0858e+14 -0.275408 0.0554705
2.68214e+14 -0.131708 -0.169285
5.12185e+14 0.071164 -0.0515117
6.53493e+14 0.0223793 0.177285
6.31347e+14 0.0637575 0.0277952
2.88525e+14 0.0517083 0.308409
2.11442e+14 -0.0151827 -0.301724
2.01331e+14 -0.225079 0.0449755
6.1104e+14 0.0515486 -0.00512836
4.83554e+14 0.128913 0.129532
4.09763e+14 0.154948 0.102598
1.21807e+14 0.265046 0.0310042
5.94679e+14 0.0306613 0.201084
1.75769e+14 -0.185443 -0.168465
5.57721e+14 0.0562913 0.203325
3.68053e+14 -0.0579897 -0.178662
7.39818e+13 -0.265671 -0.156587
1.91843e+14 0.137933 -0.239795
6.62092e+14 -0.0417632 0.0230336
2.46968e+14 -0.0184172 -0.278397
1.84219e+14 -0.103606 -0.283888
6.95135e+14 0.0476474 0.123779
2.55631e+14 0.205502 0.128579
7.30584e+14 0.00485548 0.0601997
1.76411e+14 0.220718 -0.0423739
9.43696e+13 -0.284987 0.050537
1.4203e+14 0.251424 0.164223
5.58857e+14 0.00470342 0.22023
3.85804e+14 0.0217603 -0.185359
7.32372e+13 -0.277185 -0.106672
2.16311e+14 -0.195816 -0.0621715
3.8035e+14 -0.161708 0.0640657
2.91203e+14 -0.191967 0.123794
2.7122e+14 0.189971 0.0044845
4.30614e+14 -0.0275814 -0.15069
6.37319e+13 -0.309879 0.0352007
4.18749e+14 -0.0165352 0.268273
2.32236e+14 0.198051 -0.0277974
4.73321e+14 0.122807 0.0203975
6.94398e+14 0.0284502 0.0363404
5.9832e+14 -0.0175927 -0.0373009
1.72278e+14 0.205359 -0.110042
2.2941e+14 0.199326 -0.0276374
2.02292e+14 -0.0996512 -0.272223
4.2044e+14 -0.00433163 -0.163874
9.41394e+13 0.273077 -0.035582
1.74456e+14 -0.208694 -0.0935552
1.36527e+14 0.199218 -0.199991
4.65395e+14 0.113977 0.186461
3.6906e+14 0.0552871 -0.179592
2.80348e+14 -0.161206 0.227587
2.79167e+14 -0.0837013 -0.225147
2.41441e+14 0.0863763 -0.251393
1.28772e+14 -0.25381 -0.00902186
5.30631e+14 0.100246 0.0147372
2.66083e+14 0.130507 -0.172917
4.66203e+14 -0.0616913 -0.0973902
2.00721e+14 0.0449277 -0.30253
2.6683e+14 -0.173253 0.21708
7.92461e+13 0.292794 0.0086673
8.02216e+13 -0.274276 -0.0880687
3.0151e+14 -0.0983422 -0.190374
3.82981e+14 0.111555 -0.0904137
2.32913e+14 0.185335 0.22461
3.09437e+14 0.0927035 0.281727
5.03491e+14 0.119082 0.14373
2.01494e+14 -0.0838795 -0.284248
1.23349e+14 0.26494 0.149124
6.58031e+14 -0.0691496 0.0819699
4.41053e+14 0.0671394 -0.110755
5.08644e+14 -0.0619704 -0.0652304
5.9698e+13 -0.305337 -0.0289946
3.42142e+14 0.117301 -0.118565
1.71615e+14 0.145105 -0.251435
4.71202e+14 -0.134587 0.083888
3.80543e+14 0.132672 0.208854
6.70814e+14 0.0417071 0.0294356
6.98015e+14 -0.0485414 0.07763
1.87174e+14 -0.234114 0.0759459
2.15666e+14 0.206114 0.195958
2.92696e+14 0.0585241 -0.233531
2.83794e+14 -0.145792 -0.118884
6.88757e+13 0.283087 -0.0986642
6.81151e+13 -0.281235 -0.11241
3.05741e+14 -0.0933027 -0.193073
2.41242e+14 -0.128276 -0.204303
1.87741e+14 0.197033 0.2438
1.09461e+14 0.267017 -0.00793401
2.46552e+14 0.185649 0.211979
5.43038e+14 0.107303 0.137918
2.07399e+14 0.210923 -0.0204989
5.39672e+14 0.0424479 0.218424
1.87076e+14 -0.192185 -0.127598
1.46768e+14 0.246343 0.175379
6.04375e+14 -0.0901779 0.110292
5.30535e+14 0.0527361 0.216906
3.78074e+14 0.0872854 -0.136841
3.75739e+14 0.120555 -0.0784826
3.25367e+14 -0.172745 0.0199232
2.72116e+14 0.159592 0.237078
2.44102e+14 0.189348 -0.0410687
1.42591e+14 -0.23885 -0.0426334
1.97313e+14 0.033201 -0.307998
8.44825e+13 0.295462 0.102499
5.32676e+14 -0.000281741 -0.0835961
3.79471e+14 0.0885452 -0.133758
1.54362e+14 0.250032 0.127083
4.25634e+14 -0.14888 0.106742
2.55056e+14 -0.0845472 -0.24312
4.05282e+14 0.0621669 -0.144923
1.78525e+14 0.197867 -0.123803
6.46603e+14 0.0638272 0.0426336
4.3147e+14 -0.0465931 -0.13857
8.66781e+13 -0.291966 0.065322
3.75087e+14 -0.0773945 -0.153199
1.3641e+14 -0.21897 -0.141443
3.1394e+14 -0.154119 -0.0593559
3.24321e+14 0.181116 0.0640468
1.90546e+14 -0.179694 -0.159797
3.92758e+14 0.0317793 -0.176538
4.06889e+14 -0.0922681 0.239814
5.64136e+13 0.308289 -0.035827
6.36616e+14 0.0611392 0.0278976
4.68734e+14 -0.119735 0.171414
4.48179e+14 -0.0389737 -0.131248
2.50897e+14 0.208955 0.0871498
4.62322e+14 0.0430513 0.247046
8.11746e+13 0.281223 -0.0489182
5.47224e+14 0.0866036 -0.000602404
4.38784e+14 0.134359 0.163516
2.49713e+14 -0.165069 0.242961
3.52647e+14 -0.116624 -0.109699
3.61631e+14 -0.140934 -0.0425685
2.10185e+14 0.222263 0.141001
2.40965e+14 -0.187179 -0.0526468
2.21357e+14 0.210624 0.0060358
5.40347e+14 0.064783 -0.0394144
3.47431e+14 -0.155759 -0.0144501
2.41234e+14 -0.106193 -0.233622
4.01424e+14 -0.106603 -0.0831053
7.39836e+14 0.0112494 0.110709
3.08435e+14 -0.17215 -0.00780658
3.82606e+14 0.158886 0.0445325
6.79157e+14 -0.00942421 0.014511
1.91003e+14 0.233739 0.0991962
2.58024e+14 0.18508 -0.0351188
9.58453e+13 0.233548 -0.19534
1.87316e+14 -0.130292 -0.255203
3.84975e+14 -0.11823 -0.0744556
2.16273e+14 -0.155375 -0.182524
2.44021e+14 0.210631 0.068562
4.28915e+14 0.108306 -0.0556292
2.58827e+14 0.152552 -0.132534
7.31079e+14 -0.0154447 0.122629
1.34598e+14 -0.260974 0.107256
5.19063e+14 0.0479784 -0.0720935
5.26356e+14 -0.0938999 0.179122
1.52629e+14 0.181281 -0.214386
3.55076e+14 -0.0958394 -0.145165
3.71059e+14 -0.146836 0.188183
2.34149e+14 0.0447912 -0.279991
4.31501e+14 -0.100899 -0.0673865
1.80715e+14 -0.190303 -0.145353
3.26073e+14 -0.168245 0.00216633
2.98852e+14 0.191104 0.11209
2.54661e+14 -0.199728 0.0235152
5.11989e+14 -0.0855026 -0.0294983
1.7592e+14 0.240272 0.113497
3.77388e+14 -0.106358 -0.105919
7.08121e+14 0.0112825 0.0381343
2.74236e+14 0.0980153 -0.213678
2.7276e+14 -0.0622573 -0.245883
2.71748e+14 0.101911 -0.211221
1.51107e+14 0.251262 0.132162
1.1543e+14 -0.248908 -0.0762174
4.0815e+14 0.043278 0.266404
6.21708e+14 0.00270466 0.195472
3.52092e+14 -0.10262 -0.136821
4.74225e+14 0.117296 0.00521408
6.81508e+14 -0.0426539 0.14515
2.10472e+14 0.0570622 -0.291359
2.41755e+14 0.157601 0.259287
3.00363e+14 0.175098 0.185774
5.40427e+13 0.314146 -0.0169214
5.64198e+14 -0.0894285 0.161282
6.57984e+14 0.0598044 0.141359
5.73363e+14 -0.101806 0.0912863
3.47362e+14 0.172859 0.129772
2.8105e+14 0.14749 -0.117428
7.0743e+14 0.0391259 0.0651423
2.53021e+14 0.202579 0.153615
2.61552e+14 0.189202 0.188764
2.38379e+14 -0.149954 -0.16618
1.70701e+14 0.225165 -0.0360426
1.5842e+14 -0.215599 -0.101976
1.02283e+14 0.280597 0.132855
4.12359e+14 -0.00296677 -0.169772
5.82563e+14 0.0567697 0.191671
2.69276e+14 0.0731115 -0.240651
1.72518e+14 -0.154714 -0.237687
2.28532e+14 -0.137913 -0.201841
3.16303e+14 -0.170063 -0.00460287
3.55074e+14 -0.118035 -0.104299
2.78317e+14 -0.0951965 -0.214249
2.76559e+14 0.115979 -0.187272
2.87256e+14 0.013298 0.315807
6.37461e+13 0.295896 -0.0600033
2.92713e+14 0.0970288 -0.19895
1.54498e+14 0.194723 -0.178817
3.16284e+14 0.155318 0.213917
5.059e+14 -0.0973176 0.186282
6.87689e+14 -0.000371448 0.0196625
2.42617e+14 -0.000710742 -0.282431
2.8078e+14 0.188881 0.166355
2.3886e+14 -0.212779 0.0885441
1.48324e+14 -0.185674 -0.213249
6.20898e+14 -0.080517 0.128226
1.65251e+14 0.221845 0.21897
2.00812e+14 0.205181 0.215253
3.96736e+14 0.0448407 0.27001
1.12548e+14 0.275265 0.085822
1.67617e+14 -0.217879 -0.0721835
2.83281e+14 0.0716013 0.303483
6.01239e+14 0.0141537 -0.0365854
1.37598e+14 0.233504 -0.0802951
1.52723e+14 0.226579 -0.0714087
2.51237e+14 0.0695082 -0.256216
2.91949e+14 -0.185481 0.159742
4.92712e+14 0.101811 -0.0149725
1.80107e+14 -0.0951434 -0.293486
3.3931e+14 0.00327942 -0.220279
2.70977e+14 0.0163972 -0.263216
2.768e+14 0.199426 0.0962906
1.67174e+14 0.163079 -0.229065
3.162e+14 -0.0786263 0.286236
2.90851e+14 -0.193132 0.109995
2.1893e+14 0.219775 0.13159
1.15892e+14 -0.272119 0.0806385
2.61518e+14 0.0583185 -0.255474
1.49619e+14 -0.249012 0.14878
1.65407e+14 -0.244055 0.0691864
2.07011e+14 -0.219172 0.0217823
1.25765e+14 0.266309 0.0684084
7.41129e+14 -0.0120735 0.103536
5.15956e+14 -0.0175242 -0.0923583
3.39085e+14 0.134225 0.230733
2.07804e+14 0.153276 -0.196306
3.25984e+14 -0.162371 -0.0190668
3.29809e+14 -0.179921 0.0859068
4.38149e+14 0.119361 -0.0233354
4.6903e+14 0.0412942 -0.113789
6.90449e+13 -0.306316 0.0532097
6.15164e+14 -0.0611561 0.0111356
1.26303e+14 -0.24147 -0.0766577
7.43709e+14 -0.00710364 0.0932816
3.34633e+14 -0.0196202 0.297474
1.15832e+14 -0.270822 0.13082
2.90829e+14 0.169793 -0.0411634
3.97368e+14 0.133514 0.19688
2.27715e+14 -0.166338 -0.139471
2.66298e+14 0.17254 0.220588
1.7294e+14 -0.240386 0.0692342
3.70898e+14 0.0746206 -0.159487
2.74619e+14 -0.175612 0.205972
1.89746e+14 0.229045 0.0305387
2.94184e+14 -0.191469 0.0721179
2.24099e+14 -0.217725 0.0681445
5.18408e+14 0.0955199 0.182952
2.56079e+14 -0.206178 0.0903507
6.90519e+14 0.0522809 0.11821
2.55904e+14 -0.203678 0.0527151
1.31055e+14 -0.22374 -0.137177
3.34361e+14 -0.13336 0.233209
1.1118e+14 -0.256685 -0.0533211
7.01713e+14 -0.033259 0.138279
6.19879e+14 0.071737 0.0327482
4.03143e+14 -0.105142 -0.0843722
7.00034e+14 -0.0294874 0.143548
4.93559e+14 -0.0171639 -0.108336
5.68154e+14 0.103608 0.112467
5.40568e+14 0.0863439 -0.00645973
5.91478e+14 0.0255747 0.204137
3.11502e+14 0.0639801 -0.216244
3.7987e+14 0.0319075 -0.185834
5.19128e+14 -0.104963 0.164308
4.55586e+14 -0.131555 0.0325796
3.57278e+14 -0.121327 -0.094976
2.16216e+14 -0.164367 -0.16143
3.88183e+14 0.145117 0.18049
8.02802e+14 -0.179806 0.194492
3.42605e+14 0.254953 -0.0214095
5.63386e+14 -0.219819 0.08616
8.52505e+14 0.17804 0.116487
1.74927e+15 -0.0451628 0.155808
1.40806e+15 -0.0988189 0.208102
1.23852e+15 0.126385 0.154967
5.10821e+14 -0.228546 0.0805232
5.06056e+14 0.227605 0.156345
1.83416e+15 0.0210218 0.144381
1.01709e+15 0.157045 0.113796
1.53724e+15 0.0878555 0.0402167
9.22224e+14 0.132785 -0.105127
1.10458e+15 0.146764 0.0925636
1.20573e+15 -0.12807 0.177028
9.53649e+14 -0.140223 -0.0758525
2.45452e+14 0.273303 -0.0673179
1.72602e+15 0.0593858 0.286078
7.95816e+14 -0.0273637 -0.22382
1.02091e+15 0.152523 0.175643
5.18437e+14 0.226821 0.127113
3.51809e+14 -0.239494 -0.096419
1.37121e+15 0.104955 0.233142
3.14969e+14 0.179761 -0.242522
6.63362e+14 0.204554 0.064553
9.32453e+14 -0.0806066 -0.172474
2.50276e+14 -0.265357 -0.101255
2.61254e+14 -0.258088 -0.11752
2.56012e+14 -0.28231 0.0604858
9.52875e+14 0.160014 0.202165
4.87013e+14 -0.23218 0.114581
1.09534e+15 -0.0526774 -0.158103
1.05666e+15 0.147509 0.181966
4.12252e+14 0.240642 -0.0164734
3.19743e+14 -0.254903 -0.0589214
5.63558e+14 0.219133 0.04514
1.8584e+15 0.0136314 0.131288
1.8675e+15 -0.00964559 0.281452
3.16304e+14 -0.254131 -0.0680826
1.45095e+15 0.0102693 -0.10059
4.88588e+14 -0.113745 -0.249089
1.15388e+15 0.0592125 -0.141376
2.96948e+14 0.272161 0.104469
1.39725e+15 0.104638 0.163241
1.66809e+15 -0.0553076 0.00344598
1.77124e+15 0.0269101 0.201659
3.93291e+14 0.171819 -0.221189
1.68176e+15 -0.0670007 0.0611568
8.06483e+14 -0.183293 0.124495
1.1565e+15 0.080162 -0.121426
5.23757e+14 -0.220207 -0.0134931
1.88804e+15 -0.0325954 0.306703
1.31663e+15 -0.113684 0.25431
8.58605e+14 -0.175109 0.0302963
6.8504e+14 -0.199162 0.0294962
1.69627e+15 -0.0619784 0.280169
1.38461e+15 -0.095973 -0.0201639
4.10581e+14 0.244128 0.18382
1.08082e+15 -0.149244 0.0760371
3.90756e+14 0.248622 0.172067
1.59869e+15 -0.0736227 0.164662
9.12257e+14 0.165233 0.227215
1.71899e+15 -0.0510807 0.263688
2.88597e+14 -0.19279 -0.238843
4.42746e+14 0.240993 0.104564
1.36486e+15 -0.104942 0.207336
1.81351e+15 -0.0383822 0.110466
1.46078e+15 -0.0339485 -0.0893631
8.67513e+14 0.172997 0.258279
7.43868e+14 0.189403 0.179478
2.89398e+14 0.273695 0.120182
2.21771e+14 -0.292305 0.106967
1.31073e+15 -0.0916441 -0.060261
1.64811e+15 -0.0679232 0.146837
5.26544e+14 0.220461 -0.00823552
3.67107e+14 0.032607 -0.312421
1.48713e+15 -0.0967536 0.111926
1.6805e+15 0.052921 0.206633
1.07829e+15 -0.14653 0.270584
1.35712e+15 -0.114839 0.0774004
3.50478e+14 -0.192469 -0.210922
5.23816e+14 0.226782 0.0856896
3.53807e+14 0.257729 0.0366014
1.73114e+15 0.0596187 0.288824
1.43999e+15 -0.102947 0.0553298
2.97874e+14 0.172753 -0.257497
5.31656e+14 0.0348246 -0.273826
1.42413e+15 -0.10056 0.160993
1.45166e+15 -0.104481 0.296494
7.94232e+14 -0.104462 -0.18228
4.90524e+14 -0.231978 0.0712351
4.69529e+14 -0.220184 -0.0711755
9.84203e+14 0.00767096 -0.192359
2.71965e+14 0.259832 -0.0962812
3.362e+14 -0.262001 0.119161
5.36157e+14 0.056929 -0.266988
1.4768e+15 0.0943662 0.0264427
1.44066e+15 0.0947638 0.00426955
8.58396e+14 -0.0624513 -0.199592
1.44946e+15 -0.0987694 0.145835
1.89695e+15 -0.0360398 0.313534
1.75281e+15 -0.0344699 0.194625
1.94953e+14 0.273875 -0.13841
1.45888e+15 -0.072534 -0.0465446
3.54237e+14 -0.238072 -0.0998442
4.90033e+14 -0.226312 -0.0123685
1.80788e+15 -0.00691835 0.243568
4.83229e+14 0.23064 0.0153722
1.44261e+15 0.100625 0.0352574
1.05965e+15 -0.151209 0.113823
2.47048e+14 0.275495 -0.0509499
1.45219e+15 0.102615 0.0711414
5.70503e+14 -0.0694711 -0.255015
1.75259e+15 -0.0309148 0.00078379
1.85432e+15 0.0093706 0.275104
1.56144e+15 0.0186716 -0.071341
2.45202e+14 0.284569 0.0326919
1.11322e+15 0.138973 0.226085
3.74386e+14 0.1429 -0.258412
6.42455e+14 -0.202773 0.231486
5.99156e+14 0.21294 0.0366605
1.74157e+15 0.0404417 0.00968086
8.82979e+14 0.143041 -0.0961415
4.96151e+14 0.0608425 -0.27455
3.5248e+14 -0.0883717 -0.300184
6.08672e+14 -0.0585962 -0.251238
2.4263e+14 0.286015 0.0475355
1.77775e+15 0.017286 -0.00104473
3.38373e+14 -0.151296 -0.263781
6.63649e+14 0.140077 -0.17424
1.40246e+15 -0.108795 0.0987107
8.05349e+14 0.163229 -0.0729488
9.48145e+14 0.16327 0.026776
8.03712e+14 -0.144947 -0.121889
1.24551e+15 -0.1104 -0.0387122
1.72282e+15 -0.0416841 0.207443
5.11302e+14 0.226691 0.0272231
4.0022e+14 -0.248864 0.0695182
1.857e+15 0.00406361 0.140737
1.29591e+15 -0.0521708 -0.115657
1.03111e+15 -0.154258 0.123834
1.76616e+15 -0.0267633 0.218362
1.53353e+15 0.0391582 -0.0664378
6.23453e+14 0.198123 -0.0463809
2.28981e+14 0.288051 0.0129119
4.03769e+14 -0.229743 -0.088114
6.27622e+14 0.200266 -0.0315022
4.93329e+14 0.228216 0.0088896
9.29908e+14 0.163255 0.237778
1.40264e+15 -0.0238662 -0.107851
3.28145e+14 0.16078 -0.257896
7.1536e+14 0.151579 -0.138955
4.49418e+14 0.210602 -0.120204
4.10748e+14 -0.0642431 -0.293961
2.12107e+14 -0.257161 -0.170928
1.00929e+15 -0.00598483 -0.187987
6.92586e+14 -0.194084 -0.00714126
6.02178e+14 -0.202104 -0.0442768
1.00555e+15 -0.114901 -0.113345
6.813e+14 0.198668 0.175696
3.44498e+14 0.212219 -0.178005
1.19914e+15 0.0789651 -0.112214
6.3723e+14 0.182222 -0.098585
3.57714e+14 0.22341 -0.143589
1.62841e+15 0.0774307 0.0857004
9.91514e+14 -0.159916 0.059841
1.88317e+15 0.0096812 0.0706049
7.56054e+14 0.0862032 -0.205632
3.39152e+14 -0.261808 0.0988829
7.61392e+14 -0.185146 0.223708
3.28829e+14 -0.235797 -0.130149
1.09904e+15 -0.143422 0.155859
1.44826e+15 0.0790996 -0.037165
3.47954e+14 -0.122714 -0.282746
5.10857e+14 0.168551 -0.182258
1.6366e+15 0.0743858 0.118017
1.29359e+15 0.0256013 -0.130445
2.22282e+14 0.2919 0.0431717
7.68656e+14 0.0438282 -0.224442
9.40047e+14 -0.106834 -0.143645
1.77486e+15 -0.0232034 0.224663
1.96214e+15 -0.0107455 0.315915
1.5413e+15 -0.0552409 -0.0466646
3.46984e+14 -0.172996 -0.238358
1.82015e+15 -0.0371194 0.064471
2.57838e+14 -0.210866 -0.229206
1.65413e+15 -0.0576177 0.215045
1.6374e+14 0.299388 -0.0798067
3.34927e+14 0.201405 -0.203015
1.45568e+15 -0.0921938 0.201152
1.69426e+14 0.310364 0.0547573
1.78412e+15 -0.0196348 0.231584
1.37418e+15 -0.0199582 -0.1154
1.36779e+15 0.106427 0.245665
3.02961e+14 -0.268384 0.156199
1.79249e+15 -0.0129343 0.227526
1.34929e+15 0.0723189 -0.0807381
1.8678e+15 0.0184153 0.0623885
5.82241e+14 -0.201871 -0.0616528
7.90303e+14 -0.178653 -0.0155662
4.78921e+14 -0.193134 -0.150382
1.32001e+15 -0.0235818 -0.125783
1.41027e+15 0.105247 0.274547
2.88594e+14 -0.27385 0.0990114
1.69965e+15 -0.0588189 0.0330159
8.69944e+14 0.130093 -0.12746
3.49009e+14 -0.205212 -0.190332
1.2551e+15 -0.100837 -0.0598847
4.7295e+14 -0.0253366 -0.288274
1.13257e+15 0.0866669 -0.119633
1.38959e+15 -0.0497362 -0.0953611
3.37092e+14 -0.259325 0.179443
1.31212e+15 -0.117269 0.273193
1.81884e+15 0.0233612 0.0261337
1.18871e+15 -0.0885677 -0.102795
2.12585e+14 -0.282956 -0.0724891
3.82601e+14 0.135899 -0.261702
1.21971e+15 0.0447632 -0.136925
1.75257e+15 -0.0531819 0.11082
4.87373e+14 0.213729 -0.0830624
2.60795e+14 0.281374 0.113426
1.71906e+15 -0.0547581 0.0327445
4.46582e+14 0.0247897 -0.29422
1.41452e+15 -0.102885 0.269173
1.81384e+15 -0.00930652 0.179838
5.40457e+14 0.103701 -0.242571
2.43129e+14 -0.284716 0.0289167
1.33409e+15 0.111292 0.183279
6.83836e+14 0.171177 -0.107333
1.09313e+15 0.14673 0.0465871
1.00089e+15 -0.152576 -0.000653413
5.97892e+14 -0.0863936 -0.24051
1.40096e+15 -0.0934 -0.0204452
6.18009e+14 0.123504 -0.206521
1.15622e+15 -0.132981 0.20131
1.50487e+15 0.0855732 0.197989
1.14611e+15 0.140251 0.28038
1.78582e+14 0.306073 0.0331603
9.60695e+14 -0.16317 0.0476511
3.71904e+14 -0.25403 0.0463898
1.85556e+15 0.0215698 0.053485
9.51619e+14 0.0562082 -0.18428
6.5133e+14 0.20315 0.175762
1.78237e+15 0.0450284 0.282083
3.83871e+14 -0.224484 -0.123352
1.8998e+15 0.00297177 0.292666
1.62989e+15 -0.0757727 0.109048
5.39943e+14 -0.217094 -0.0159738
1.76219e+15 -0.0513299 0.0618144
4.68607e+14 -0.156103 -0.214967
1.6409e+15 -0.0456322 -0.0254252
9.59743e+14 0.100626 -0.145806
5.75411e+14 0.0266064 -0.266193
1.05557e+15 -0.148221 0.165071
1.87623e+15 -0.0305895 0.300449
2.17634e+14 0.294148 0.0707829
1.88367e+15 0.0114823 0.0790249
3.98956e+14 -0.249226 0.0849834
3.74083e+14 0.103878 -0.285984
2.23398e+14 -0.29176 0.109167
1.52123e+15 -0.0893763 0.138511
1.64282e+15 -0.0610396 0.23697
1.22203e+15 -0.0183767 -0.14689
4.36188e+14 -0.232535 -0.0399778
1.16565e+15 -0.136069 0.142925
5.99043e+14 0.214481 0.0721707
9.96651e+14 0.156573 0.0227452
4.2995e+14 0.110663 -0.266363
1.53562e+15 -0.0286666 -0.0734277
1.81483e+15 -0.0332552 0.279086
1.1157e+15 -0.0916097 -0.118114
1.63939e+15 0.00980236 -0.0525625
1.09398e+15 -0.0540963 -0.157545
3.64925e+14 -0.0182555 -0.314795
1.63906e+15 -0.0610639 0.206025
1.68684e+15 -0.0596116 0.0264961
6.13823e+14 0.190808 -0.0835414
1.31341e+15 -0.119818 0.0609741
9.38615e+14 0.163742 0.0199796
1.31959e+15 0.119109 0.11681
9.47595e+14 -0.0460263 -0.190084
7.67572e+14 0.127088 -0.16219
1.13962e+15 -0.0749499 -0.131452
7.11461e+14 -0.1547 -0.135161
1.81387e+14 -0.293467 -0.0754701
1.47807e+15 -0.0989536 0.0867144
5.47474e+14 -0.0941679 -0.247497
3.11069e+14 0.259705 -0.0414376
3.18187e+14 -0.245891 -0.10406
1.47189e+15 0.051458 -0.0719186
1.81752e+15 0.0265453 0.03
1.10394e+15 0.140329 0.231367
6.8712e+14 -0.16911 -0.112251
1.11407e+15 0.111632 -0.0846929
1.21718e+15 0.127465 0.254946
1.28281e+15 -0.108148 -0.0289595
6.11574e+14 0.210929 0.144108
1.17495e+15 0.134504 0.26726
2.61242e+14 0.246694 -0.153053
4.78148e+14 0.234696 0.085411
1.76719e+15 0.0327095 0.184374
8.66864e+14 -0.17192 0.0107461
1.70199e+15 0.0474067 0.219932
1.18142e+15 -0.135959 0.116291
7.6925e+14 0.155103 -0.111517
1.65775e+15 -0.0391553 -0.0275438
1.70907e+15 0.0237833 -0.0237082
8.2207e+14 0.0971698 -0.182161
4.33633e+14 0.241857 0.0445594
3.08595e+14 -0.268136 0.128755
8.25732e+14 0.103997 -0.12225
2.14371e+15 -0.150294 0.143099
4.95048e+14 -0.118546 -0.158881
2.33899e+15 0.0995858 0.00394079
2.82982e+15 0.0404961 0.21211
1.59427e+15 -0.0422732 0.291447
8.18703e+14 0.195744 -0.0494645
3.29201e+15 0.0087234 0.188015
1.62539e+14 0.294807 -0.095412
1.57034e+15 -0.182243 0.0498077
1.39784e+15 0.116255 0.272574
8.30809e+14 0.172976 -0.0733193
1.25834e+15 0.188363 0.0080846
9.65509e+14 -0.0472539 -0.127641
3.86937e+14 -0.303368 0.0849842
2.01361e+15 0.138035 0.191667
2.5397e+15 0.0459567 0.229134
7.32126e+14 -0.255799 0.145697
1.12824e+15 -0.222041 0.0881821
2.67327e+14 -0.0588184 -0.222679
4.34852e+14 0.285405 0.0284321
1.59958e+14 0.0119181 -0.261849
3.41279e+15 -0.0142954 0.177738
9.97075e+14 -0.227839 0.158449
2.18708e+15 -0.0180845 0.257866
9.5712e+14 -0.163813 -0.0663757
2.11302e+14 0.23204 -0.146941
2.95387e+15 -0.0238086 0.209194
8.52035e+14 -0.0360486 -0.140469
1.44597e+15 -0.120509 0.26573
1.79597e+15 -0.162887 0.0391833
1.09896e+15 0.17106 0.252686
2.41229e+15 -0.0927855 0.00301696
3.17449e+14 -0.163512 -0.168851
2.21661e+14 0.116766 -0.218028
1.18333e+15 -0.0910625 -0.0939246
2.36338e+15 0.02463 0.246051
1.92637e+14 -0.0898678 -0.236854
9.08508e+14 0.200097 -0.0288134
9.99412e+14 -0.10242 -0.105338
1.58066e+15 -0.0585809 -0.0758357
1.5166e+15 0.0964077 0.275498
4.61682e+14 0.281438 0.0293727
2.8393e+15 -0.108183 0.13737
8.72581e+14 -0.196137 -0.0411136
1.32036e+15 0.154991 0.245282
2.32902e+15 0.095639 0.21329
7.84668e+13 -0.0132554 -0.307953
2.53393e+14 -0.0112112 -0.231818
7.83119e+14 -0.133126 -0.111438
1.72309e+15 0.0951424 -0.0479961
2.79576e+15 0.00891278 0.221553
3.04727e+15 -0.0967253 0.127966
2.85664e+15 0.0254064 -0.00240353
2.31383e+15 -0.0936201 -0.00416544
6.39075e+14 0.110476 -0.141579
8.03303e+14 0.209461 -0.0328346
2.68956e+15 0.10123 0.173424
1.19754e+15 0.121406 -0.0749794
2.14051e+15 0.103458 -0.00893938
2.46895e+15 0.119284 0.168984
7.43449e+13 -0.108495 -0.292545
1.36169e+15 0.203289 0.0834906
1.0017e+15 0.0265772 -0.127678
2.50457e+14 -0.308729 -0.0151702
3.29511e+15 0.0741568 0.0734011
1.20563e+15 -0.0184816 -0.111585
2.20218e+15 0.00687121 -0.0454674
1.03685e+15 0.225846 0.0646004
3.35066e+15 0.0696212 0.139288
2.22638e+15 -0.0278532 0.253969
3.76576e+15 -0.0327816 0.121718
8.29122e+14 0.225491 0.211051
1.89611e+15 -0.0251586 0.274921
1.64896e+14 0.177977 -0.207309
4.29892e+14 0.276347 -0.00186751
3.3839e+14 0.184697 -0.148827
1.63023e+14 0.0965375 -0.245682
1.26585e+15 0.128668 0.275341
3.51756e+15 -0.0563243 0.136204
2.37905e+15 -0.134768 0.0665434
9.04221e+13 0.227434 -0.214155
4.28094e+14 0.254835 -0.0470745
1.19578e+15 -0.144633 0.269543
7.18156e+14 -0.0386172 -0.154172
1.57398e+15 0.0598514 0.287733
3.65088e+15 0.0312478 0.145768
2.82839e+15 0.112377 0.10047
1.19038e+15 0.124712 0.285383
2.38209e+14 0.0549263 -0.231083
6.00116e+14 -0.174093 -0.106846
6.49323e+14 0.238587 -0.0150273
6.25157e+14 0.167767 -0.107684
1.01609e+15 -0.178977 -0.0422731
1.62351e+15 -0.102525 0.263713
2.9252e+15 -0.0654997 0.0213915
1.7337e+15 -0.14839 0.00383071
1.08367e+15 0.132388 -0.0783513
9.60175e+14 -0.193437 -0.0311842
3.09005e+15 0.0886214 0.142522
1.96089e+15 0.0203599 0.271429
3.09248e+15 -0.0702391 0.172197
1.11221e+15 0.182353 0.236324
2.49499e+14 -0.29387 -0.0486879
2.28077e+15 0.09846 -0.00199915
3.08112e+15 -0.0943512 0.128206
1.40371e+14 -0.256047 -0.15684
3.56742e+15 -0.0534049 0.0812357
3.73172e+15 0.0395678 0.0988694
3.69869e+14 -0.2897 0.00397107
3.07458e+15 -0.0944346 0.129764
1.13324e+15 0.179851 -0.0244562
1.26741e+14 0.0508001 -0.272912
3.21355e+15 -0.0839935 0.131604
2.98631e+15 0.0133269 0.00385312
1.78394e+15 0.17459 0.0822296
1.11223e+14 -0.0267996 -0.28435
2.28502e+15 0.00439813 0.252924
3.47053e+15 -0.0547445 0.146532
6.86524e+14 -0.263562 0.11461
3.43844e+15 0.0683444 0.120967
1.40179e+15 0.155806 0.235304
2.53722e+15 -0.103743 0.0260414
2.77908e+14 -0.0800318 -0.215054
5.40258e+14 0.278753 0.139401
3.76253e+15 0.0116833 0.140935
1.06506e+15 0.0313188 -0.121549
2.69097e+15 0.0826374 0.195498
1.57791e+15 -0.189892 0.0947357
2.30197e+14 -0.064891 -0.23144
7.73135e+14 -0.0293203 -0.149456
2.82259e+14 -0.149878 -0.185651
2.64558e+15 -0.0898031 0.0198589
1.47999e+15 -0.144499 0.240738
1.62552e+15 0.159507 0.0090527
2.0489e+15 -0.0485359 -0.0474999
2.97138e+15 0.00773172 0.210417
1.00605e+14 0.218021 -0.214031
1.47603e+15 0.196388 0.114101
8.69206e+14 0.221667 0.210198
1.95372e+14 -0.060203 -0.243229
1.03502e+15 0.0297323 -0.124357
1.14915e+14 0.138809 -0.252246
3.38436e+14 0.161612 -0.164803
2.49444e+14 0.293067 -0.0491762
3.03505e+15 -0.0405233 0.0147339
3.74321e+14 -0.278313 -0.0223454
1.0793e+15 -0.211102 0.0232326
2.99106e+15 0.0952644 0.06931
1.66588e+14 -0.154188 -0.220379
3.05714e+15 0.0961899 0.124189
1.57187e+15 0.143239 0.232074
9.95571e+14 -0.147116 -0.0767581
1.73382e+15 -0.10231 -0.0427775
5.73392e+14 -0.276827 0.0960642
3.47684e+15 0.0546812 0.0680985
1.56069e+15 -0.0133358 0.297985
1.08565e+15 -0.209234 0.0199436
5.68746e+14 0.159346 -0.12295
1.62719e+15 -0.105892 -0.0487987
1.45248e+14 -0.11875 -0.245517
3.18465e+14 0.11079 -0.195146
7.60335e+14 -0.0837573 -0.138056
2.34632e+15 -0.0353402 -0.0324334
1.21455e+14 -0.0775166 -0.270176
3.17213e+15 -0.0581559 0.176126
3.80095e+15 -0.0106419 0.135012
9.64932e+14 0.117655 -0.100248
2.5404e+15 -0.00755243 0.237403
2.97438e+15 -0.0945503 0.0633167
3.87534e+15 -0.0104461 0.112333
4.45383e+14 0.263873 -0.0245543
3.21721e+15 -0.0219985 0.19124
1.39464e+14 -0.258651 -0.15468
2.29267e+14 -0.265012 -0.103469
3.43656e+15 -0.0419236 0.163453
4.65174e+14 -0.291747 0.10706
3.80892e+15 0.0205295 0.0864979
2.20854e+14 0.306781 -0.0377082
1.0983e+15 0.131866 -0.0772423
1.86146e+15 0.157675 0.0388436
2.89797e+15 -0.102198 0.143846
7.16527e+13 -0.120545 -0.290468
1.32847e+15 0.185132 0.199517
1.61287e+15 -0.0220833 0.293675
1.82244e+15 -0.167482 0.155425
1.29261e+15 -0.18592 0.204991
1.41918e+15 -0.077584 0.292654
3.30554e+15 -0.00782961 0.0256454
2.86729e+15 0.0994606 0.153979
1.60577e+14 0.0433693 -0.258777
1.19073e+15 0.182756 0.224623
7.36356e+13 0.0814474 -0.301513
8.59571e+14 0.188181 -0.0525788
1.52501e+15 -0.186042 0.161061
2.90272e+15 0.102771 0.139363
3.50095e+15 0.0443206 0.153724
1.61202e+14 0.300545 -0.0873767
3.13841e+15 -0.0929018 0.106862
1.6354e+15 0.160264 0.20108
8.30352e+13 -0.0982407 -0.288818
7.70661e+14 -0.198416 -0.0545848
4.45965e+14 -0.294343 0.093502
1.28892e+15 -0.210384 0.112755
2.42753e+15 -0.0901666 0.00191393
1.43588e+15 -0.186221 0.179595
4.84171e+14 -0.239235 -0.0569519
1.64795e+14 0.28907 -0.102444
2.18969e+15 0.145877 0.0661793
3.00085e+15 0.0998697 0.0881729
1.15698e+14 0.120351 -0.259569
3.70894e+15 -0.0354559 0.132253
1.20869e+15 0.0539729 -0.105068
6.11067e+14 0.22183 -0.0520429
3.25178e+14 -0.264054 -0.0674053
2.71801e+15 0.0629529 0.208588
8.75445e+13 -0.0779719 -0.29117
3.0488e+14 -0.144668 -0.1828
2.12073e+15 0.0576306 0.251708
2.6185e+14 -0.116039 -0.207011
1.87902e+15 0.071771 -0.0494749
1.70469e+15 0.169661 0.0420071
9.53971e+14 0.114196 -0.10337
5.64948e+14 0.263599 0.019121
2.12286e+15 -0.102155 0.224705
2.28943e+15 -0.121498 0.18755
1.6674e+14 -0.175272 -0.208437
9.0306e+14 -0.23792 0.150812
2.30436e+14 0.265217 -0.102006
2.31016e+15 0.0564197 0.239819
4.65163e+14 0.047882 -0.185837
3.40838e+15 0.0722443 0.103534
2.58346e+14 -0.156647 -0.18833
9.59763e+14 -0.200721 -0.0201978
3.76027e+14 -0.183773 -0.141143
1.94838e+14 0.28004 -0.0985691
9.0317e+14 0.239181 0.13888
1.32591e+15 0.144666 -0.0432144
3.22789e+15 0.0240041 0.189712
3.01792e+15 0.0177361 0.206039
4.61847e+14 -0.210888 -0.097784
8.36593e+13 -0.0640446 -0.297326
5.18093e+14 -0.246812 -0.0355986
2.64515e+15 -0.00603947 0.231099
1.59969e+15 0.121609 -0.0385159
1.08084e+15 0.202124 0.208125
2.82693e+14 0.23738 -0.115989
1.74436e+14 0.286227 -0.100864
4.99477e+14 -0.270835 0.0114482
2.1777e+15 0.0893032 -0.017647
4.98353e+14 0.108436 -0.162667
3.23572e+14 0.298817 0.00579163
1.43688e+15 -0.00132022 0.306921
3.40658e+15 -0.0659655 0.13801
3.83296e+15 -0.00769804 0.0834835
1.3881e+15 -0.169216 0.219634
1.2141e+15 0.166921 -0.0310457
1.31149e+15 -0.168021 0.230985
1.8212e+15 -0.165257 0.162781
1.61255e+15 0.185273 0.134329
1.87924e+15 -0.17084 0.109097
1.30324e+15 -0.206368 0.142299
1.52682e+15 0.192126 0.12561
1.02568e+14 -0.259833 -0.177305
1.63397e+15 -0.183876 0.0749105
3.50344e+15 0.00887686 0.17075
2.27106e+15 0.00718972 -0.0412529
2.34337e+14 0.235735 -0.134546
3.38115e+15 0.0741241 0.113787
1.42318e+15 0.192061 0.0495014
3.13595e+14 -0.3082 0.0290855
2.73019e+15 0.111303 0.0650837
4.84879e+14 0.0513798 -0.182141
2.47154e+15 -0.133542 0.12603
1.2159e+15 -0.20322 0.179886
9.95228e+14 -0.228257 0.0556363
2.68434e+15 0.121265 0.113151
1.11474e+15 0.168148 -0.0417761
3.02034e+15 -0.0749684 0.0386892
1.81509e+15 -0.156626 0.0282163
2.22751e+14 -0.263525 -0.108179
2.21156e+15 0.113991 0.00821754
3.71446e+14 0.305256 0.0824936
1.24759e+15 -0.148084 -0.0485808
1.43114e+14 0.200952 -0.201977
3.39951e+15 -0.0517564 0.0538817
1.11086e+15 -0.221126 0.0694264
2.55873e+15 -0.127422 0.13079
2.28785e+15 -0.139113 0.0620266
1.69548e+15 0.110614 -0.0393345
1.32677e+15 0.14776 -0.0399988
3.84491e+15 0.0109387 0.0883165
1.82297e+15 0.14037 0.209508
3.79222e+15 -0.031226 0.0994902
1.11403e+15 0.143059 -0.0667489
1.18271e+14 0.258616 -0.167219
2.67002e+15 0.0691252 0.208059
3.01412e+15 -0.0409642 0.0134081
8.96991e+14 0.20081 0.242095
3.00174e+15 -0.078272 0.0406421
1.50903e+15 -0.0505828 0.295309
5.1262e+14 0.126931 -0.151717
1.69931e+15 -0.120132 0.244097
3.33156e+14 -0.0786973 -0.20286
1.42156e+15 0.162755 -0.0113477
2.31404e+14 0.0522407 -0.233489
1.61721e+15 0.185663 0.129119
8.0484e+14 -0.240232 0.0322062
5.33549e+14 0.203389 -0.0903707
2.06159e+15 -0.0620832 -0.0416242
2.22504e+15 0.0104925 -0.043852
1.1185e+14 0.0385172 -0.282738
1.76063e+15 -0.00064958 0.285321
4.72599e+14 -0.157463 -0.140766
1.42705e+15 -0.200419 0.099095
2.25467e+15 -0.0921067 -0.0100622
3.83097e+15 -0.0243158 0.111093
1.67002e+15 0.109279 -0.0424515
1.14312e+14 0.167003 -0.23847
1.43084e+15 0.159015 -0.15285
1.85353e+16 0.286331 0.109218
7.49601e+15 -0.201834 -0.0457707
6.59086e+13 0.0833637 -0.294203
2.17368e+17 0.0917394 0.211506
2.04948e+16 0.281927 0.113664
1.31932e+15 -0.110472 -0.171311
1.48788e+16 -0.264201 0.0562965
1.66573e+15 0.0663836 -0.169582
2.06572e+17 0.0145812 0.158576
8.48871e+14 0.178344 -0.169076
2.0962e+16 -0.0789138 -0.0354647
1.48263e+16 0.114283 -0.046279
4.80014e+16 -0.240366 0.155124
1.56319e+15 -0.0221069 -0.176707
1.51177e+17 0.153141 0.215319
1.19108e+17 0.0306106 0.0908432
1.37777e+16 0.154272 -0.0341519
2.75116e+17 -0.0613336 0.296734
2.86931e+14 -0.151941 -0.22375
1.60359e+15 0.305649 -0.0590834
7.30956e+16 0.0423916 0.0470204
1.63633e+16 0.255131 0.0545198
2.09312e+17 -0.0942428 0.204206
2.66366e+15 0.166214 -0.120339
4.90965e+13 -0.0683065 -0.306855
4.38741e+15 -0.16861 -0.0937256
2.69533e+15 -0.168979 -0.118676
4.29423e+14 0.00365847 -0.230581
1.18342e+17 0.0236859 0.0891884
5.33043e+15 0.249315 -0.0335316
2.30316e+16 -0.0880102 -0.02703
6.61041e+16 0.215411 0.161246
1.50018e+17 -0.0269413 0.116077
3.56452e+15 -0.0970155 -0.128479
2.47255e+16 -0.106861 -0.0163109
2.98808e+17 -0.0113388 0.305129
2.2366e+17 0.0134375 0.17207
1.65092e+15 -0.163313 -0.144665
3.27099e+16 0.266305 0.147095
3.16842e+15 -0.311192 -0.0109016
2.23547e+17 -0.0369847 0.177469
3.968e+15 -0.205773 -0.0803256
3.04584e+15 0.16525 -0.114019
3.00127e+17 -0.00780693 0.26121
1.49737e+17 -0.134692 0.181001
4.50372e+16 -0.14153 0.0445357
1.32771e+15 -0.1478 -0.160259
4.01732e+16 -0.0990214 0.0151997
2.16999e+17 -0.111318 0.248895
2.83068e+15 0.0511736 -0.147521
1.51452e+15 0.244804 -0.10805
2.19644e+16 -0.167457 0.0043095
2.23382e+16 0.142646 -0.00795215
3.75998e+16 -0.195936 0.0692664
1.95912e+17 0.127246 0.245405
1.82896e+16 -0.099622 -0.0382288
5.42506e+15 0.010121 -0.119221
5.07283e+16 -0.121747 0.0436012
1.87349e+16 0.0141809 -0.0515982
6.85206e+14 0.283722 -0.122095
2.7146e+17 0.0590917 0.250292
6.41565e+16 -0.159751 0.0903154
1.29967e+14 -0.100525 -0.266532
1.34443e+16 -0.172243 -0.026426
5.86904e+15 0.0422107 -0.11315
7.61991e+15 -0.161412 -0.0665069
4.46701e+14 -0.237276 -0.17048
6.90827e+16 0.0297168 0.0403568
1.24458e+16 -0.0401868 -0.0733149
1.66633e+17 -0.143332 0.22269
1.70118e+17 0.125144 0.195256
7.50049e+15 -0.127682 -0.0810927
2.51452e+17 -0.0587672 0.217703
2.91413e+16 0.130624 0.00500978
8.02786e+13 -0.0415913 -0.291799
8.89172e+14 -0.188376 -0.162971
3.36912e+14 0.258759 -0.171067
2.33517e+17 -0.0141718 0.180297
7.76371e+15 0.212122 -0.036887
2.44588e+15 -0.00499198 -0.157254
5.86485e+15 -0.0422706 -0.113201
2.59377e+16 0.258772 0.104683
2.00837e+16 0.0951463 -0.0336522
2.195e+17 0.104914 0.237484
2.18488e+15 0.177815 -0.125198
1.07785e+17 0.00485663 0.078391
2.04395e+17 -0.0364517 0.161374
6.83608e+13 0.136738 -0.282226
1.12399e+14 -0.119192 -0.268116
3.9396e+16 0.184122 0.063355
1.71447e+16 -0.177962 -0.00678472
1.5971e+15 -0.172958 -0.142412
1.86502e+15 -0.00411072 -0.169453
6.63302e+16 0.205349 0.145315
1.85784e+16 -0.276294 0.0935323
2.19725e+17 0.0631398 0.187254
1.06834e+17 -0.0682385 0.0891502
5.51227e+14 0.180753 -0.186935
7.70928e+16 0.205832 0.170349
1.33305e+17 0.168047 0.213526
3.18799e+16 -0.174364 0.037367
1.6778e+15 -0.25881 -0.0936123
1.60615e+14 0.0878204 -0.260849
1.90159e+17 0.0408706 0.151297
1.54573e+17 0.0716026 0.133977
1.09453e+17 0.146386 0.142717
2.134e+14 0.0416013 -0.255803
1.90501e+16 -0.0112955 -0.0507142
1.57079e+17 -0.125335 0.178474
2.27925e+15 0.223842 -0.0995946
2.02353e+17 -0.127573 0.279389
5.24552e+16 0.220895 0.135568
6.65288e+13 -0.103904 -0.290401
5.58919e+15 -0.20233 -0.062932
9.37128e+16 -0.192952 0.182656
1.63216e+14 0.139244 -0.249224
1.84762e+14 -0.0385274 -0.261451
1.26842e+16 -0.0189302 -0.0740088
8.30443e+16 -0.0723803 0.0659237
6.18905e+15 0.270249 -0.00557735
1.2956e+17 0.0304705 0.0998369
3.97559e+15 -0.267098 -0.0377009
9.95697e+14 -0.0279623 -0.195699
6.27002e+16 0.187498 0.114803
1.64945e+17 -0.121327 0.183257
2.52054e+16 -0.127925 -0.00657849
1.7666e+15 0.282544 -0.0730526
1.81945e+15 0.0419181 -0.16861
2.2367e+17 0.0412101 0.179244
3.74301e+15 -0.159768 -0.105852
1.1161e+17 -0.101901 0.109611
6.62497e+14 0.0467874 -0.211069
6.57147e+16 -0.178032 0.109929
1.47901e+17 0.135752 0.180241
7.09125e+15 0.273772 0.00752213
4.99871e+15 -0.11276 -0.107435
1.0561e+14 0.104777 -0.273369
2.31176e+16 0.0543048 -0.0344186
4.09521e+16 0.0798283 0.0103151
2.60868e+15 -0.237299 -0.0841904
1.06435e+16 0.12395 -0.0625624
9.75216e+16 -0.0307451 0.0709414
4.21502e+16 0.164484 0.0540663
4.424e+16 -0.0257645 0.00549718
3.16717e+15 -0.252392 -0.0628813
4.10303e+14 0.00942493 -0.232292
2.11454e+15 0.278023 -0.0664325
1.90262e+17 0.136652 0.277417
9.20092e+14 0.0225017 -0.199279
2.48824e+14 -0.0703895 -0.246937
1.37722e+16 -0.251642 0.0360072
5.71378e+14 -0.288041 -0.128126
1.31986e+17 0.176243 0.234461
1.64495e+15 0.172595 -0.141087
2.05692e+16 0.226217 0.0442569
1.58682e+14 0.206067 -0.22796
4.09934e+15 -0.0127408 -0.132893
1.87102e+16 0.215877 0.0272718
2.0757e+17 -0.123119 0.271733
1.89948e+17 0.0995187 0.187781
1.24762e+14 0.206614 -0.237151
7.11796e+16 0.121762 0.0740832
1.78426e+17 -0.124893 0.206322
2.08793e+16 0.265732 0.0910316
2.94349e+15 -0.0308384 -0.147661
5.83221e+16 0.115188 0.0523031
1.70277e+14 0.0549844 -0.26305
7.31136e+14 0.179803 -0.175084
1.53047e+17 0.101603 0.15122
1.14101e+15 -0.142458 -0.168791
2.08378e+17 -0.0953118 0.204357
5.34892e+13 0.0998588 -0.299005
2.80614e+17 0.032204 0.235728
1.729e+17 0.0561218 0.142687
2.4111e+16 0.208746 0.0416459
1.75569e+16 0.166118 -0.0120322
7.74649e+14 0.00867219 -0.206843
6.52428e+16 0.23347 0.198389
1.33491e+14 -0.132729 -0.258533
6.57701e+13 -0.129215 -0.285473
9.45319e+16 0.00768383 0.0659661
2.56421e+16 -0.0533117 -0.028003
3.93912e+16 0.195758 0.073706
2.48031e+17 0.0889254 0.26816
2.85401e+17 -0.048742 0.293536
5.20095e+15 -0.105285 -0.107489
7.34054e+15 0.0834216 -0.0948343
3.80985e+14 -0.267157 -0.160749
7.0204e+15 0.0853237 -0.0967703
9.3374e+15 0.0290687 -0.0901601
8.29841e+14 -0.0580929 -0.200607
1.469e+17 -0.0762594 0.129394
2.2474e+17 -0.10976 0.276164
2.04811e+16 0.287384 0.123083
5.62537e+16 0.147075 0.0679122
7.10383e+16 -0.0306733 0.0427751
2.44794e+17 -0.0617662 0.212377
1.37292e+17 -0.143229 0.175691
2.73956e+16 0.0588327 -0.022654
4.34565e+16 0.131651 0.0361036
2.74745e+14 -0.124048 -0.233042
1.21882e+16 0.215086 -0.00501317
2.75762e+16 -0.228469 0.0725815
1.29189e+17 0.102884 0.128302
3.00823e+17 -0.00221557 0.262143
6.45999e+16 0.0349072 0.0355464
5.42816e+15 -0.0239862 -0.11861
1.5553e+17 -0.00169855 0.118278
3.88251e+15 0.312019 0.00447176
5.3915e+14 0.211852 -0.174675
2.22318e+16 0.219832 0.0448041
4.0214e+14 0.130011 -0.216375
1.31112e+15 0.0463076 -0.182527
3.19902e+16 -0.00909405 -0.0180057
3.84428e+15 0.216885 -0.0754445
2.71807e+17 0.0655439 0.293939
2.13055e+16 -0.259756 0.0847568
1.24995e+17 0.181417 0.23115
1.7729e+17 0.0216879 0.136769
1.51932e+15 0.220272 -0.122267
1.19105e+17 -0.119947 0.129963
2.98414e+16 0.266994 0.135355
6.95449e+14 0.00321665 -0.211318
4.99657e+16 -0.227876 0.139377
1.44368e+15 0.225151 -0.122104
6.05708e+16 -0.113406 0.0546256
2.01322e+17 0.0809219 0.182446
3.58083e+14 -0.269058 -0.162397
4.80361e+15 0.130167 -0.103973
2.35663e+16 -0.0390618 -0.0354797
2.26406e+17 0.0963085 0.232232
1.67483e+14 0.121633 -0.252607
2.69807e+17 0.066159 0.300862
5.03854e+14 -0.0166919 -0.224009
9.16159e+16 0.127095 0.103672
1.04548e+15 -0.245532 -0.1263
4.50304e+14 -0.0487956 -0.226386
2.87722e+17 -0.0226522 0.241081
3.21305e+16 0.102397 0.000217848
1.83691e+15 -0.217243 -0.114543
4.35334e+15 0.154946 -0.0998917
2.95773e+16 0.176099 0.0326646
4.46467e+15 0.125827 -0.109172
1.26122e+16 -0.281992 0.0632808
2.53419e+17 -0.0679989 0.230502
5.96756e+16 -0.237947 0.189581
9.18155e+15 0.220915 -0.0199391
1.75503e+15 0.177928 -0.135778
8.32296e+14 -0.181186 -0.168894
1.19436e+16 -0.0676992 -0.0714587
1.40461e+16 0.0491886 -0.065256
2.69126e+16 0.19728 0.0411042
1.11901e+15 -0.0257433 -0.190899
1.63732e+16 0.0326336 -0.0583102
2.33878e+17 -0.0967857 0.248516
1.37912e+16 0.0924484 -0.0573847
3.498e+14 -0.131331 -0.221669
7.11992e+16 0.229962 0.210443
1.48908e+17 -0.143597 0.192866
2.66427e+15 0.185003 -0.112032
4.5773e+15 -0.0216443 -0.127167
1.96697e+14 -0.0359605 -0.259287
1.06355e+15 0.136253 -0.173748
6.36764e+13 -0.0817086 -0.295699
7.69818e+16 -0.137082 0.0917964
5.81661e+15 -0.228314 -0.0438744
6.0593e+16 0.196839 0.121596
3.99893e+15 -0.278537 -0.0274085
5.17437e+15 0.300693 0.0127923
2.0429e+15 -0.168848 -0.13234
9.13756e+16 -0.0831741 0.0790568
4.17503e+16 0.241169 0.136397
5.33158e+15 -0.300045 0.0140779
1.99217e+15 0.0289191 -0.165595
2.76919e+16 0.218806 0.0630832
9.69687e+16 -0.0815294 0.0843151
3.88408e+15 0.261186 -0.0438235
1.14124e+17 -0.0787135 0.100309
1.59518e+14 -0.0747401 -0.263111
2.12188e+17 -0.00779396 0.16235
6.24138e+16 0.163301 0.090599
5.40472e+14 0.0620318 -0.217625
1.97304e+15 -0.108039 -0.153783
2.89201e+16 -0.2301 0.0790115
7.46207e+14 0.230958 -0.150508
2.94484e+17 -0.00754519 0.247396
2.45123e+15 -0.261863 -0.0705991
2.75554e+16 0.275617 0.14054
1.53242e+17 -0.0339042 0.11996
1.46257e+16 0.276799 0.070564
7.647e+16 0.116849 0.0782
8.98461e+16 -0.0209376 0.0621568
1.37601e+17 0.0304266 0.106568
6.52052e+14 -0.273473 -0.131642
2.99195e+16 -0.0363045 -0.0204078
4.39645e+14 0.212864 -0.183075
4.23967e+16 0.0834585 0.0139851
4.88072e+14 -0.251946 -0.158465
3.35597e+15 -0.0916762 -0.132624
7.64457e+15 -0.24355 -0.0147691
3.94729e+16 -0.138176 0.0317931
2.83564e+14 -0.0359627 -0.245435
1.92646e+17 -0.116288 0.213206
7.16901e+15 -0.258043 -0.00674433
1.15916e+17 0.0730379 0.0997355
