24552936 -0.23026965 -0.19655657
41524233 0.034447104 -0.27045597
2.9072937e+09 -0.18696778 -0.042058938
40408324 0.088941239 -0.2616266
1.2777213e+08 -0.20606466 -0.13915352
6.4607519e+09 -0.10920423 -0.13657858
2.5006076e+08 0.2022683 -0.1430152
1.3403141e+08 -0.22106758 0.12894905
3.6914615e+08 -0.095601672 0.22515449
5.363191e+09 -0.048102171 -0.17337813
3.2020448e+09 -0.038871653 -0.18587182
65620020 -0.042539618 -0.25651612
3.8449297e+09 -0.030474886 -0.18435457
1.8131714e+09 -0.19354293 -0.049681436
3.5931185e+10 -0.055724669 -0.12925592
35093359 -0.21377271 0.21552462
34375910 -0.1615551 -0.22653941
1.0429173e+08 -0.10129388 -0.2273327
1.3421222e+12 0.042670251 -0.0041073563
1.2515385e+08 0.26587299 -0.012359138
3.7410763e+08 -0.19495559 0.13558525
62587372 0.19682687 0.20375053
2.931301e+10 -0.091086287 0.13123842
28319512 -0.10845667 -0.25443295
2.1770099e+11 -0.078145557 0.073902755
24889942 -0.29051199 -0.023149714
41804877 0.28560344 0.047478594
28936539 -0.090587433 -0.26040422
16188284 0.077707215 -0.29338469
33458534 -0.095795798 -0.25484074
1.0557666e+08 -0.015244966 0.26953327
2.2238402e+11 0.015207259 0.11622431
5.9441128e+08 -0.089348804 -0.19903151
3.6429332e+09 0.15043984 0.14678438
19066004 -0.28523046 -0.12801124
4.1105097e+09 -0.039598851 0.19952458
7.8178433e+10 -0.047469746 0.1320835
75311609 -0.25178407 -0.063479725
2.208476e+08 0.14509883 0.21556668
32478549 0.096900927 -0.26583005
83783827 0.1061587 -0.23805585
3.6536592e+08 0.011195048 0.24768074
49808112 -0.10885 0.27888681
1.947966e+10 -0.094793078 0.13936593
1.1871877e+12 -0.012203445 0.048579938
4.3799702e+08 -0.203886 -0.092436999
22403090 0.013985082 -0.28698738
5.3052925e+10 -0.031419465 0.14772078
3.2063116e+09 0.14404856 0.15633542
4.3301946e+09 -0.064777769 -0.17156103
1.1374733e+09 0.17456449 0.15062932
1.4116772e+12 0.011135231 0.042571946
2.2356851e+08 -0.23718965 -0.018966762
2.1666201e+10 -0.11243978 -0.10060032
3.897818e+09 -0.18769118 0.028684875
7.7163857e+08 0.013424383 -0.21706316
1.3692096e+08 0.26397008 -0.015669949
3.1734277e+08 -0.2311674 -0.016239602
1.4168586e+09 -0.079394686 0.20605738
33722917 -0.21429178 0.21859129
9.6331794e+10 -0.018808034 -0.11752195
92711331 -0.0051739777 -0.25483795
26741849 -0.22978019 0.21179804
3.7395919e+10 -0.090180071 -0.10595658
37347174 0.28629289 -0.088678023
2.8950695e+10 0.07185938 0.15310099
28391803 0.1263063 -0.25981391
44458696 0.16742236 0.24182503
1.2560857e+12 0.012514048 0.049990122
7.1328889e+09 0.040539405 -0.1741072
1.755317e+08 0.23480237 -0.10682957
1.4229012e+12 -0.0044560239 -0.021135548
45268835 -0.26362084 0.07732639
2.199114e+11 -0.096325963 -0.015065159
34984493 -0.073553807 0.2981649
39687507 -0.11967596 0.2893401
32716257 0.29229194 0.048050082
2.5720931e+10 -0.13035216 0.089277219
91878944 0.13227208 -0.22334709
99822311 0.25551736 -0.091065446
4.0025185e+08 -0.22837999 0.022654924
7.0858361e+10 -0.041805486 -0.11830955
5.3216587e+08 -0.19788376 -0.096786224
2.7436169e+09 0.11458472 0.18244028
40447850 -0.26950964 0.062201708
3.503374e+09 0.07764382 0.19572094
36782997 0.024557885 -0.27403437
1.0737564e+09 0.019206249 -0.211088
1.1438283e+11 0.11338243 -0.059340303
18584846 0.3013646 0.090043316
5.8896323e+08 -0.11102415 -0.18752092
8.5607203e+08 0.10139109 -0.19484022
60346538 0.018793867 0.28191666
2.0957052e+10 0.015328428 -0.15513115
43000988 0.28552854 -0.070359415
1.6532191e+12 0.0097777827 -0.010845376
98022431 -0.16753864 -0.18885762
1.4744953e+12 0.036952064 0.018505089
9.9239684e+08 -0.18253944 0.12244646
2.5408134e+10 0.083132807 -0.13287644
15294345 -0.31047305 -0.032468372
1.8676068e+09 0.19270386 -0.093336661
2.3609958e+09 -0.11050217 0.17813364
56339085 -0.14927355 -0.21711787
1.258696e+11 -0.10860291 0.046931785
6.298158e+09 0.10567464 0.16992795
4.2129135e+09 -0.1761078 0.074937463
89190797 -0.039618505 0.2704828
3.1401471e+10 -0.080563353 0.13729017
4.4480437e+08 -0.22678812 0.012553686
3.7636164e+09 0.12996491 0.16460898
1.9680677e+10 0.089654912 0.15322094
8.2632413e+08 0.18402991 0.14759505
52615656 -0.19251392 -0.19019713
2.5630531e+08 -0.17535796 -0.15389113
2.112024e+10 0.098394896 0.14610582
27560948 -0.041910125 0.30820931
7.6810584e+09 0.059652928 0.18624828
79608529 -0.021594775 -0.25631716
6.5275513e+10 0.11754284 0.094723947
4.1656619e+08 0.22468202 -0.089803498
7.5890576e+11 0.035793337 -0.050502969
8.8582246e+10 -0.12087657 0.034816297
1.7019628e+11 -0.024789675 -0.10059513
2.3410155e+08 -0.22145391 -0.08050352
12012468 -0.025245793 -0.30867827
1.4202701e+08 0.0024935489 -0.24704633
1.5898528e+09 0.039363446 0.22009554
1.4695231e+08 -0.24508816 -0.019050448
1.5730026e+08 -0.032146318 0.25981216
41128511 -0.27085384 0.052129281
8.9525057e+10 -0.029383844 0.13528938
3.7377002e+11 -0.081608335 0.025549092
1.0354591e+09 -0.016474048 0.22844572
1.6579385e+12 0.021797022 0.023482144
8.0577659e+09 0.063367272 -0.16616226
9.0260625e+08 -0.067488537 -0.2004418
1.2760293e+08 -0.22009598 0.13312124
5.8737392e+09 -0.073258596 0.18046735
1.3131781e+11 0.097917173 -0.073477288
3.8044458e+09 0.0081092732 0.20680071
1.835644e+08 -0.20376886 -0.12785941
37561154 -0.082075835 0.29491517
3.3865533e+11 0.070092147 0.080429248
5.6576353e+10 0.048291845 -0.12777918
11414005 0.0012719163 -0.31022599
1.4036898e+09 -0.10099146 0.19526349
1.9428863e+11 -0.10263805 0.0059517787
3.8095913e+09 0.17688845 0.11091244
13497877 -0.12212775 -0.2748197
92174174 -0.19452769 -0.16629494
4.3767889e+08 -0.22278551 0.056390103
31468457 -0.2787602 0.04685882
2.7170095e+11 0.10473168 -0.021960061
1.5082668e+11 0.068200368 -0.092785472
18066016 -0.1089794 -0.26758442
1.6270471e+11 -0.088847571 0.072771038
27904973 -0.27381893 -0.11088922
4.4203621e+09 0.076772548 0.19147982
8.1428493e+09 0.19054638 0.025587792
1.2428268e+11 0.13048627 0.02254929
4.4213189e+10 0.089650228 0.13267487
1.6443632e+08 -0.21010072 -0.12196021
21291435 0.30916707 0.033966932
16066637 0.1584714 -0.26849055
1.8710115e+10 0.11545816 -0.11890354
20350921 0.22298057 0.21598189
15988777 -0.2957161 0.068598562
2.6931111e+08 0.17976979 0.18164904
3.557273e+11 -0.084152423 0.00021122326
67876861 -0.26028621 0.044519917
71059249 0.27602936 -0.038208037
35943685 0.28283765 -0.10335041
1.0328153e+11 -0.1142297 -0.026612277
1.5398717e+10 -0.14849058 0.076794411
67355353 0.27428035 0.048363889
4.0721809e+08 0.22296832 0.10591798
26198529 -0.27492041 -0.11691137
27252551 -0.040943492 0.3087256
24988113 0.13737764 -0.25922876
4.2114616e+08 -0.1369239 -0.17685036
2.0644186e+08 -0.046441268 -0.23354547
6.8940461e+09 0.059615681 -0.17041131
48685966 0.28513202 0.0216432
2.047982e+08 0.20345667 -0.1473572
1.5633207e+11 -0.078724556 0.087721503
6.3406868e+10 0.14782541 0.013715269
37655818 -0.27722306 -0.012823036
1.0371277e+09 0.15159947 0.17633568
7.7310391e+09 -0.024770998 0.19059403
30327175 0.1129168 0.27976228
5.0561246e+08 0.0034154097 -0.22440501
2.678603e+10 0.1638721 0.041092859
3.044543e+09 0.18842288 -0.082496406
1.046594e+09 -0.20984601 0.041285613
7.974517e+08 0.052073275 -0.21225411
70914083 0.19032239 0.20685521
2.7199314e+11 0.012500366 0.1104359
2.7397105e+09 -0.18610216 -0.048996874
1.790755e+10 -0.13216353 0.10086141
8.596373e+11 0.011421521 -0.051020678
35552463 0.26151997 -0.14306075
1.5911364e+08 -0.099763349 0.24194962
37032054 -0.17329297 -0.21747837
77011332 0.24607151 -0.12450484
3.9891186e+10 0.14293191 -0.058301925
4.2293016e+10 -0.079440582 -0.11099658
40018486 0.0029114007 0.29354981
4.5820321e+08 -0.027448279 -0.22316858
37220954 -0.051852564 0.29503826
40690975 0.19602055 0.21962293
1.9554018e+08 -0.17601364 -0.16104755
20037826 -0.094579538 -0.26913273
72329768 0.27206405 0.052149939
22674604 0.13371353 0.28261956
28582591 0.30142165 -0.0032064042
30641580 0.052171968 0.29524893
2.7360732e+11 0.10925455 0.010254335
35565323 0.12526019 0.27057555
39505397 -0.24519989 -0.14678394
27580984 0.24908979 0.16022058
5.6783912e+11 0.084083331 0.021153844
23025763 -0.28762949 -0.076404972
13695679 -0.29378541 0.09878768
1.2101143e+12 -0.00091301207 0.051475364
17253368 -0.3043907 -0.03695671
8.819672e+11 0.014996186 -0.049590589
34175579 -0.27990618 0.016456048
1.504354e+10 0.1675937 0.070540454
1.2824444e+11 -0.079340594 -0.075757606
7.3879369e+08 0.078412734 -0.20663691
1.0835284e+09 0.091838973 0.21254589
1.6793978e+08 -0.031033736 -0.24056733
1.7479592e+08 -0.23288306 -0.063751927
1.007691e+12 -0.0091775584 -0.040639581
4.2190769e+11 0.024060796 0.095098226
4.2979126e+08 0.23716255 0.062031307
2.2281727e+09 -0.13946214 -0.13531521
1.4058555e+10 -0.026788716 -0.1596736
1.7963785e+08 -0.17551707 -0.16404136
8.1677567e+11 0.016004221 -0.052881406
3.8723648e+08 -0.029102495 0.24385713
29308480 -0.26415913 -0.13542693
1.0468715e+08 -0.14840951 0.22666331
6.5272291e+08 -0.13041663 0.19201952
44867127 -0.10134053 0.28527961
20099542 0.033255435 -0.28878751
4.4314353e+08 -0.22576099 0.034324365
4.8090261e+09 0.092520568 -0.16510678
3.5255211e+10 -0.041786856 -0.1354003
8.5765535e+11 0.06847584 0.010445553
6.7438046e+08 0.23524034 -0.015487001
1.3899567e+09 -0.042745531 -0.20025973
4.5039165e+09 -0.16542084 -0.0768053
9.9671947e+09 0.13100423 -0.12207324
1.2764467e+12 -0.018637591 -0.020357609
5.8458661e+10 0.0039308618 -0.13250349
11394334 -0.093286936 -0.28982367
1.1919073e+10 -0.08405907 0.15904554
29021093 -0.19957871 -0.21197475
58496233 -0.21335326 0.18041522
4.731128e+10 0.10423263 0.11960414
2.4507621e+08 0.25234205 0.030657229
2.7238278e+08 -0.15437191 -0.17277026
3.8829972e+09 0.19505853 -0.055125385
1.7170042e+08 -0.066902046 -0.23109793
1.3766087e+10 0.019934071 -0.16354457
19771937 0.1953263 -0.22772388
90698405 -0.16443955 -0.19351013
2.5353801e+08 -0.19732838 0.14531332
1.1319714e+08 0.26006169 -0.067602241
5.2514919e+09 -0.15048416 -0.096963531
9.7677017e+08 -0.011984966 -0.21191962
2.6791657e+10 0.12453581 0.11730266
6.3462184e+08 -0.21977478 -0.0083515274
2.2866592e+10 0.13040163 0.11578568
1.6780509e+08 0.20226084 -0.15439151
3.0737759e+08 -0.21207492 0.1108458
6.7256493e+10 0.014422975 -0.12917102
3.6299272e+09 0.037454224 -0.18743868
5.4773307e+09 -0.099137021 -0.14799244
1.8019526e+09 -0.11618185 0.18003852
1.0345361e+08 -0.20138344 0.17174323
67610934 -0.20911568 -0.16333328
29309211 -0.040948412 0.30524139
13795000 0.082698288 -0.30052106
1.7142907e+08 0.070307921 -0.23563584
4.0565068e+08 -0.09031742 0.22560134
1.448618e+08 0.25839537 0.052896061
5.3756145e+08 -0.20138272 -0.089117029
39864179 0.24754969 -0.15471034
9.6844042e+08 -0.13736274 0.17730676
1.2131255e+09 0.066504497 -0.20127567
1.9598188e+08 -0.2342141 0.071539944
1.1922819e+12 -0.018520992 0.044295161
39326893 0.22369015 -0.17966156
2.6875654e+11 -0.092875767 0.018819502
2.4567148e+10 0.15009843 -0.067481565
4.6457597e+08 0.026839799 0.24282571
58085213 0.26255105 -0.11030016
1.0557672e+12 -0.0074295022 -0.038787869
7.8680086e+08 -0.21409741 0.046584609
2.0155505e+09 -0.17455578 -0.090682627
9.4263643e+09 -0.15061867 -0.075117163
1.5868141e+08 -0.020199619 -0.24326356
1.0728749e+09 -0.11810213 -0.17043853
7.180283e+11 -0.04468342 -0.033003222
49029554 0.060882963 0.2807608
4.7675752e+11 0.0090446321 -0.074050106
8.4842604e+11 -0.019592764 0.063387437
1.1692791e+08 -0.11583258 0.24314741
31074007 0.25548886 -0.15850157
2.8009454e+08 0.23534544 0.092479837
55692500 0.20947146 0.19242462
66578206 -0.083158073 0.27141279
32643444 0.29257713 0.046818044
19702418 0.074617189 0.30590377
8.2924972e+08 -0.011972368 0.23273587
1.2049372e+11 -0.10831062 -0.032110151
1.1192808e+08 0.26828863 -0.0012583274
42683453 0.17608303 -0.21428083
3.6612621e+11 -0.044086615 -0.066297748
1.4932543e+08 -0.2451412 -0.015612599
7.8103746e+09 0.015482574 0.19318346
1.9618246e+08 0.23524681 -0.10100683
31373648 0.074923024 -0.27161115
51699697 -0.084339226 -0.24899395
4.7320039e+08 0.24102107 0.029958292
1.7955685e+08 -0.13439096 0.22008856
2.5759094e+10 0.15873882 -0.045575882
1.0996337e+10 -0.0099171337 -0.16735045
5.4947597e+08 -0.11157691 -0.18859047
1.2623543e+09 -0.11034206 0.19173473
5.9190209e+09 0.16776849 0.1102192
1.1516379e+10 0.1846188 0.0081417786
70851719 0.15201156 0.23816481
2.5659367e+11 -0.084120977 0.054971928
2.3317722e+10 -0.15217378 -0.011512886
1.1221931e+12 -0.013490803 0.051380508
1.7352837e+08 0.22224396 -0.12814898
2.1714203e+08 0.03294083 0.25551157
14132400 0.039317852 -0.29929068
1.0681268e+09 -0.13426923 -0.15797054
1.1703211e+08 0.16578034 -0.19608262
8.2817589e+09 -0.083786169 0.16752422
32422684 0.25347458 -0.15851265
62822986 0.23990189 -0.1429801
5.8565837e+10 -0.10816309 0.09007313
51794282 0.081460627 -0.25732435
54892456 -0.26232756 0.061732636
5.7598496e+08 0.051426184 -0.21813615
1.7132442e+10 0.0021088619 0.17766176
54076945 -0.10845901 -0.2383674
60813630 -0.22980726 -0.1411891
4.3250249e+11 -0.0081648307 0.09424509
21600610 0.022377663 0.31519038
30358008 0.21337509 -0.19792574
2.0217076e+11 0.1046538 -0.044013148
1.4103058e+11 0.032071274 0.12659577
1.7818613e+11 -0.032355078 0.11531335
2.4181655e+11 0.10461778 0.049737036
5.0005768e+11 0.080600915 -0.028587335
5.9880737e+10 0.0727179 -0.11669734
24265352 0.30547246 0.021110271
3.3083122e+08 0.23969538 0.069950869
22727060 0.11352892 0.28928112
28792174 0.27547821 -0.13644629
32560389 -0.27052105 0.083484846
27148309 -0.05914784 0.31007987
2.9557708e+09 0.18507982 0.10583441
1.1883533e+12 0.052251996 0.005538177
64993449 -0.039326239 -0.25741646
63819440 -0.10853403 0.26748996
21365732 -0.2685069 0.13954625
2.1508385e+08 0.19339558 0.17234526
2.4295915e+08 -0.050373878 0.24829309
3.3703604e+09 -0.1240915 0.15920223
1.7074832e+09 0.14150336 -0.15604767
7.483494e+08 -0.14600632 -0.15586464
45324837 0.27942892 -0.088356498
3.2403047e+11 -0.087246434 0.01745406
29094112 -0.28072356 -0.061813403
32424426 0.084321641 -0.2688664
1.0765424e+12 0.053604724 -0.010804037
8.7941767e+11 0.066995875 0.015622105
2.053436e+10 0.03517125 -0.1535752
1.7818397e+12 -0.00038350024 0.012729704
1.5111076e+10 0.17865454 0.02157029
1.4230988e+08 0.24882476 -0.086429813
3.08372e+10 0.055266938 -0.13994552
3.4773762e+08 0.20647928 0.14119622
1.5238209e+08 -0.18081488 -0.16355536
8.1306379e+08 -0.19579772 -0.083784282
9.9686478e+08 -0.2107911 0.04065624
1.703153e+10 0.13109443 0.12413604
1.0288811e+11 0.13594833 0.015076052
1.432135e+10 0.00060414127 -0.16288102
6.542259e+11 -0.0020671377 -0.061609851
5.8293481e+08 -0.02898343 -0.21866128
1.4885439e+08 -0.19953802 -0.14220298
9.9002773e+08 -0.036375762 -0.20784223
31203540 0.29084828 -0.097252355
1.6910605e+10 0.1732936 -0.026440702
56344299 -0.17164062 0.23604818
1.0149579e+10 0.16754384 0.089789669
96775798 0.25056054 0.10417197
2.9191689e+11 0.029094883 -0.087902995
5.2282632e+09 0.17748021 -0.081753822
4.3413942e+10 -0.13026686 -0.043362073
58189465 -0.17140025 -0.20229921
1.0633798e+10 -0.15204507 0.086889158
2.1470901e+08 -0.061611487 -0.22863694
22492929 0.23820613 0.18663417
2.5373338e+09 -0.16782651 -0.094250023
4.5629103e+08 -0.22357617 -0.024953224
5.3437514e+11 0.066974893 0.061945109
2.4153365e+08 0.25182242 -0.031051483
7.1666373e+08 0.16983018 -0.15093548
2.5865575e+08 -0.04100911 0.24904892
6.2679231e+10 0.11661202 0.097429456
55549583 -0.23673654 0.142483
36299038 -0.20827569 0.22225435
43045325 -0.10119601 -0.24668501
89660733 -0.13129863 0.24400519
3.8485711e+08 -0.22256317 0.067998971
38328773 -0.26622243 -0.089746342
1.0602358e+08 0.23508262 0.13258157
4.8149444e+09 0.16356865 0.12320365
17575240 0.26916911 0.14937853
1.8293209e+08 0.21708961 -0.13364426
2.459874e+08 -0.1173576 -0.20150109
3.1913264e+09 -0.11671993 -0.14727916
35821529 -0.19059679 -0.20813008
1.450859e+11 -0.069996666 0.099120894
4.179163e+11 0.087372137 -0.028842372
44825990 -0.27128706 -0.025719666
64609523 0.25911447 0.10340268
11534481 -0.015628888 -0.3108822
3.92072e+11 -0.079444435 -0.0094380619
2.8693631e+08 0.17717017 -0.16585415
27770297 -0.21935328 -0.19914779
5.1179471e+08 0.11200212 -0.19949898
6.1756586e+08 -0.12711206 -0.17580864
6.1207302e+08 0.12388145 -0.18956352
81286137 0.27472214 -0.007711123
19449958 0.20374648 -0.22253005
39886960 -0.27451148 0.030014836
33596088 -0.27260709 0.070427726
8.8982279e+08 -0.016470964 0.2310725
2.4202386e+09 -0.1687551 -0.094336819
1.2943628e+08 0.02764504 -0.2480701
86450856 0.26919673 -0.054342242
82101200 0.09490639 -0.24277988
1.5723734e+12 -0.015901393 0.015937662
32158028 -0.27092666 -0.098536479
56357036 -0.14232422 -0.2209628
86076911 0.25248624 0.10513441
1.4654947e+10 0.056393972 0.17393669
2.2144984e+09 -0.023748657 -0.19578356
27321192 -0.22409561 0.22222035
19427798 -0.29160229 0.057427412
2.5047319e+09 0.1789981 -0.1055161
19146287 0.14180829 -0.27008493
1.0887743e+08 -0.23771187 -0.081930847
1.0863029e+11 -0.11205967 -0.029314154
45260941 -0.08280918 0.28621931
7.8257194e+09 0.12547708 0.15060637
3.1315798e+08 0.017742589 -0.23271463
1.2402177e+08 0.12461628 0.23995342
26864233 -0.28736414 -0.02754479
5.0642426e+08 -0.21997879 0.057376207
3.4226684e+11 0.096198529 0.04230934
1.75048e+10 0.14047902 -0.09508404
1.3317532e+12 0.043584594 0.02100046
23894915 0.30924834 -0.043486493
2.79674e+09 -0.18353793 0.076421844
4.7656384e+09 -0.18362474 0.031938258
1.0029605e+11 -0.086466437 0.096396466
1.4803345e+08 0.081886999 0.25286298
14814276 -0.29189625 0.094674378
24269151 0.084547028 -0.27787977
2.2100785e+09 0.12703619 0.1788097
2.3085032e+08 0.24602651 -0.063715471
25623833 0.06678834 0.29777189
27214180 -0.10755373 -0.25585025
98645649 -0.033730022 0.26904308
5.6583255e+11 0.029590699 0.08317599
35837131 -0.06879814 0.2968568
79414507 0.12041841 -0.23285624
1.2543436e+08 0.050574467 -0.24576361
1.3607733e+10 -0.10579774 0.13974131
35020447 0.20807436 0.21131459
1.4885665e+08 -0.021441582 -0.24428657
1.2165835e+10 -0.080686139 0.1605968
1.8777963e+09 0.21401389 -0.035701433
6.148046e+09 0.18819183 0.064287778
2.4108169e+09 0.18101765 -0.10373382
1.1853408e+09 0.16817427 0.15686169
1.3770156e+09 -0.066005254 -0.19315413
17928558 0.22349806 -0.21283615
1.9457204e+10 -0.12531886 -0.088310111
17215135 0.074538505 -0.29104076
1.4466343e+11 -0.050206195 -0.094381294
22244749 0.30413688 0.05523448
19191686 0.1988859 -0.22649745
18697316 0.24115441 0.19081738
1.2861068e+11 0.11567394 -0.049520752
2.5253432e+10 -0.10118265 0.12667255
24365501 0.022709603 0.30947617
19494010 -0.070278414 -0.27840449
5.4626821e+11 -0.056734931 -0.034227305
1.482196e+09 0.10253314 0.20167983
1.5784755e+08 -0.14238811 0.21799017
2.9584052e+09 0.099958383 -0.17134797
26364311 -0.05943964 -0.27326396
41425516 -0.26419604 -0.086436909
26019472 -0.26950155 -0.13521542
48406611 0.051021762 -0.26498873
9.8450735e+08 -0.06208212 0.21949118
1.0001524e+08 -0.18392713 0.19466564
1.4574807e+08 -0.058078885 0.25663323
1.1245942e+09 -0.19072115 -0.081235034
1.44134e+10 -0.0611923 -0.14790055
36886158 0.062869794 0.28755897
2.9858823e+08 -0.10131299 -0.20639417
1.4610451e+08 -0.14563828 -0.19472695
3.4939301e+09 0.020344057 -0.18988495
3.5912062e+09 0.017964078 -0.18950113
4.1454074e+10 0.155806 0.032198653
5.9278705e+10 -0.132408 0.021924664
2.1827095e+08 0.020057189 -0.23902578
48041624 -0.26045053 0.08464086
1.1750798e+10 0.0026088266 0.18528387
7.5137845e+08 -0.1899141 0.11944834
3.5102163e+08 0.24748506 0.0062748126
2.3760538e+08 -0.089254021 -0.21648397
8.0548976e+08 -0.028626672 -0.21301878
1.9517245e+09 -0.084734074 0.19731035
26858312 0.22698397 0.19615377
4.3699544e+10 0.15648206 0.011367799
1.570535e+08 0.17983245 0.19526803
99910197 0.10413946 -0.23507027
23823712 0.2596466 -0.16887657
23364061 -0.0069984512 -0.2859302
1.812695e+10 0.1605007 -0.060855895
3.5256659e+09 -0.10717593 -0.15227359
5.8045424e+09 0.12915301 -0.13749988
3.0347299e+09 0.20977242 0.010164937
5.1600202e+10 -0.13153532 0.045960052
8.5946817e+09 0.15755359 -0.095968926
7.8290839e+09 -0.16504784 0.071132288
2.0827745e+08 -0.15197358 -0.1813561
1.8143807e+08 -0.23753263 -0.041458617
4.3217543e+09 0.14740092 0.14543494
1.6367603e+08 -0.014036303 -0.24339311
3.538002e+09 -0.14879125 -0.11180691
2.628714e+11 0.10313914 0.046842968
53417980 0.18324656 -0.20260221
1.255513e+09 -0.12836981 -0.15919986
49175399 0.20142887 0.20658236
9.2245163e+10 0.033333209 0.1374596
4.6878149e+08 0.23145145 0.077167336
1.3545953e+10 0.17787034 -0.026591487
36187326 0.26367075 -0.13888311
3.9258384e+09 0.20191703 -0.027764831
62056504 0.25259024 -0.12478349
8.0235366e+09 0.039628597 -0.17196452
36431387 -0.21403152 -0.18911027
25660996 -0.097960001 -0.26091785
19006099 -0.2251722 -0.21591898
1.3140478e+11 0.093260567 0.095896333
16342841 -0.29846938 0.055154208
4.7537039e+08 0.20917715 -0.1135292
21850268 0.018602055 0.31533428
10364919 -0.11710121 -0.28769711
1.7082024e+10 0.16185678 -0.060833474
1.5838231e+08 -0.0017787728 -0.24488265
21698097 0.18844096 -0.22875551
20568369 -0.13550132 -0.25530551
1.0847644e+10 0.18386102 0.034343061
31093795 -0.21852719 0.21892387
8.8411221e+08 0.14651811 -0.16662763
74035428 0.19322521 -0.18565505
2.4250937e+08 -0.15020908 -0.17909128
1.7667562e+10 0.092153213 0.15435222
67596294 -0.064149997 -0.2501315
1.2101449e+09 -0.17912192 -0.10091911
5.5399951e+10 -0.10849687 -0.072622455
5.2569918e+10 0.062368836 0.14269798
21000821 0.30562842 0.059296464
3.3951679e+08 -0.16627157 -0.15581884
33927369 0.26885447 -0.13523069
40537664 -0.21853832 -0.17922451
34702743 -0.21920461 0.20638192
3.7425363e+08 -0.017159914 -0.22819922
42041515 -0.085025003 0.28947459
6.0122817e+08 -0.15067114 -0.15678093
51380376 0.20413475 -0.18719767
7.2246161e+08 -0.21263871 -0.039874971
57260512 -0.2601175 0.068156675
1.091826e+10 -0.14004669 -0.087410461
24089562 -0.22710623 -0.20051231
3.980954e+10 0.12492914 0.1036605
5.2341871e+11 0.074895108 -0.035113404
2.813643e+11 0.010794853 -0.091123599
23390988 -0.16697754 -0.23980561
37136073 0.29372503 -0.028756307
1.4596868e+12 0.010219922 0.04022012
3.3725494e+09 -0.1891386 -0.018057227
19713393 -0.29097349 0.057990839
58201752 -0.20545728 -0.17413867
2.2281077e+08 -0.16580539 0.18790143
7.5964475e+10 0.14344523 0.01513318
1.3968547e+10 0.13560793 -0.1079045
1.6194911e+10 0.17679187 0.026427101
9.3126945e+09 -0.1224677 0.13417212
2.0136136e+11 -0.070216821 0.086558814
2.8794087e+11 0.10526123 -0.013294318
7.1012749e+11 0.034328524 -0.054108158
17919782 -0.20442756 -0.23448587
2.2698174e+08 0.22178292 0.12976704
1.1108088e+11 0.12769386 -0.031300235
9.6384864e+09 0.05479707 0.18304716
1.388465e+09 0.2168321 -0.04732504
2.6551018e+09 -0.14491753 0.14449501
32319050 0.19345303 0.23157816
1.1986056e+08 -0.13830622 0.22934199
1.0992783e+09 0.18615643 0.13657909
2.1120919e+09 0.0979879 -0.17904418
15219571 0.28319436 0.13722167
5.354866e+08 -0.21828332 -0.038413809
98085058 0.25806281 0.082978109
2.5259741e+08 0.13062371 0.22174706
4.5268234e+11 -0.048910948 -0.053430636
1.1893312e+09 0.17784666 -0.12916396
1.8240971e+10 0.091882304 -0.13599691
1.0403897e+12 0.00074813026 0.059966167
89076092 -0.21828677 -0.13751181
1.7462202e+08 0.044299062 -0.24063851
24833572 -0.22581641 -0.19989164
2.908961e+08 -0.015818994 -0.23281657
32231652 -0.0071069917 0.3010565
45658930 0.27889483 0.067870552
40512246 -0.15094882 -0.22617645
34509139 0.033185043 0.29512095
3.2087609e+08 -0.085075171 -0.21260324
35643448 -0.27512175 0.048422091
6.3754301e+08 -0.063040701 -0.20837846
5.838378e+10 -0.11277805 0.083090699
52773542 -0.015475257 0.2855099
1.2821403e+09 0.16840066 -0.13790314
2.1386682e+10 0.1314598 -0.099412656
89782579 0.16343829 0.22401702
1.0753513e+11 0.030841439 -0.11580971
31267090 -0.038861122 0.30230836
16697949 0.11995674 -0.28862506
3.3844065e+11 0.10181309 0.021703854
9.7993934e+09 -0.070973844 0.17065823
1.6155143e+08 -0.012221283 -0.24380737
1.1549395e+08 -0.084164168 -0.23248936
4.4672155e+11 0.0066276898 0.094654688
4.9411143e+10 -0.10146387 -0.085909424
1.0279093e+10 0.096747594 0.16425751
6.4701598e+10 -0.014279299 -0.12825494
1.1006423e+10 0.071394962 0.17487887
1.3243908e+10 0.18181778 0.005732388
3.2656966e+10 -0.14630032 0.0049334394
26395044 0.30028209 -0.089915755
1.5253345e+08 -0.13018375 0.22737783
24229837 -0.2785269 -0.11551687
7.3331857e+08 0.13459238 -0.1792102
2.2387049e+09 -0.17486859 -0.086120073
34462958 -0.05955705 0.29838264
27880690 0.14451482 0.2707259
1.1940015e+10 0.1579111 0.10051916
3.7536459e+09 -0.058990128 -0.17663905
1.6311515e+11 0.10985934 -0.046926515
2.5071936e+08 -0.11176928 -0.20430137
1.7415494e+09 -0.19782679 -0.035953951
6.362817e+11 -0.0074365169 -0.061693273
8.1067354e+10 -0.093785025 0.096073299
5.1137242e+10 0.15209128 0.024080159
1.2960675e+08 0.13336333 0.23445865
1.3686012e+09 -0.17520422 0.1235706
1.6294525e+08 -0.075624432 0.24979249
32480325 0.2606489 0.1334082
34261838 -0.043470339 0.29845844
8.4928414e+08 -0.0029317674 -0.21508075
2.9110409e+09 0.20876143 -0.019515257
43098629 0.067819395 0.28241099
1.1567923e+09 -0.13307375 0.17682253
5.5511023e+08 -0.21532653 0.070265224
1.0998915e+08 -0.24615599 0.068562826
3.4110547e+11 0.098483557 -0.018358447
5.5925376e+11 0.06831705 -0.040012646
4.4387861e+08 0.23258561 -0.066121455
6.276938e+10 -0.094676093 -0.085207871
11060108 -0.021927235 -0.31326266
1.6598583e+10 0.13428573 -0.10414297
9764241.1 -0.10694695 -0.29298461
3.2821572e+11 0.10325968 -0.00011177384
4.7919363e+09 0.0014562893 0.20243928
9.9591502e+08 -0.09989757 0.20288814
27543007 0.2957808 0.057752936
6.0139192e+10 -0.10545681 0.092805062
61288571 -0.10936515 0.26900349
2.4764394e+10 -0.070701863 -0.13054553
31089450 0.081856591 -0.27058692
66728078 0.042391807 0.27706412
1.5522479e+08 0.10479581 0.24409105
1.8420919e+08 0.013094539 0.25971368
4.1053149e+08 0.16175654 -0.171171
68067996 -0.039665196 -0.25638687
1.0223149e+11 0.051329248 0.12978212
3.2075069e+10 -0.14363834 0.040832072
1.2120978e+08 -0.23826868 -0.072096854
67762933 0.15348567 -0.21759143
4.0499897e+08 0.22684421 0.097182679
2.1930624e+08 0.20908416 0.15119536
2.8915533e+08 -0.1751628 0.17047327
2.8474735e+10 -0.072229115 -0.12620171
3.3610793e+09 -0.18696991 -0.030733847
38551096 0.11059431 0.27351088
5.4459387e+08 -0.13334185 -0.17389239
41485009 -0.27204643 -0.039122053
1.5229118e+08 -0.13129178 -0.20329681
1.1565543e+11 0.012959736 -0.11580761
4.7745884e+09 0.13882416 -0.13396054
2.4416924e+09 -0.19628563 0.02777561
1.0745053e+12 0.025739782 0.055566062
22225630 0.24071778 -0.19012748
2.1446719e+08 -0.18608597 -0.14684099
1.8683765e+10 -0.074945053 0.15386382
1.8216918e+08 -0.11988894 0.22876932
1.1090361e+08 0.17667838 0.20737921
1.210172e+10 0.10182721 0.15740355
9.1618495e+10 0.13866705 0.018136046
25438065 0.086880199 0.29291569
5.0673989e+09 -0.15956516 -0.083297762
51226699 -0.14984887 0.26066555
5.1788971e+08 0.080640013 0.23026219
1.5570244e+08 -0.010565131 0.26227945
52017882 -0.03034134 0.28496472
11012905 -0.057631725 -0.30641238
4.4954209e+08 -0.16026693 -0.15462846
35807787 -0.22674189 0.18988421
1.2406259e+11 -0.079853603 0.095471956
3.5182244e+10 0.11617757 -0.10002318
3.8155939e+08 0.010093401 0.24694403
4.2706927e+10 0.1565583 -0.003403283
5.8621633e+11 -0.0080866276 -0.064731383
96675546 -0.060820991 0.26517149
1.5784459e+11 0.11906962 0.045299221
32556867 -0.28122097 -0.021594473
31075147 -0.27465045 -0.085914287
19177461 -0.27453085 -0.15567119
26938582 0.13580991 0.27552134
8.6941598e+11 0.040692825 0.059196384
1.2317697e+08 0.16316632 0.21609305
7.5120826e+10 0.11081779 -0.080151872
15918709 0.14764433 -0.27786715
1.5899891e+11 0.049658678 -0.1000548
1.3973521e+12 -0.025065885 0.017091479
1.156939e+09 0.17685392 0.14739423
5.9069978e+09 0.19716588 0.01919852
2.2117791e+09 -0.19427875 -0.032403688
39847152 -0.17430265 0.25935168
53828792 0.14491657 -0.22893567
63105643 -0.26287338 -0.021405764
2.8195285e+08 -0.23469589 0.0035202352
1.0539601e+08 -0.22849152 -0.10851856
5.5899839e+11 0.085652459 0.0086351021
1.9644929e+09 -0.19723449 -0.028293879
22828888 -0.25838209 -0.16924638
4.6429539e+08 0.16446298 0.1834242
17990750 0.095370425 -0.28833535
32461944 0.29789866 -0.023465279
2.684566e+09 -0.19244219 -0.023541215
7.3691879e+10 0.14404877 -0.00035309861
83897740 -0.18422225 -0.17972615
1.2549402e+09 -0.20073556 0.069355695
5.248916e+11 0.083215824 -0.018271184
8.6149001e+08 -0.1671047 0.1492732
8.3725786e+09 0.18612155 0.049455779
31818873 0.20825616 -0.20003152
5.272287e+09 -0.18118997 -0.015668778
17718425 0.2786243 0.13458779
4.3789363e+10 0.14662823 -0.04467486
69879143 0.21287815 -0.16954161
40910415 -0.18831428 -0.20390603
27422271 0.0563616 0.29793462
2.9531841e+11 0.043595155 -0.083286866
4.5845232e+09 -0.043612334 -0.17778055
1.0456931e+10 -0.10050801 0.15085444
2.4869527e+10 -0.12342139 -0.082134703
5.4185102e+09 0.19334447 -0.03891434
3.9874218e+08 -0.22850413 0.0016794114
53305586 -0.26030175 -0.067013432
4.9605906e+10 0.017463626 -0.13614387
3.0557819e+11 0.10430888 -0.0088363302
1.7277763e+12 0.008802138 0.023853587
50840451 -0.16910395 0.24554286
3.7385586e+09 -0.17961751 -0.05093309
13804974 -0.031894668 -0.30142996
34326171 -0.26712169 -0.10418912
65245018 0.076163268 0.27085079
76378497 -0.16683109 0.22393871
55221395 0.084666361 0.2723631
31879920 -0.060889066 0.3020613
1.0721475e+11 0.047604163 -0.1117273
1.0404523e+10 0.022435378 0.18717923
18778757 -0.031362759 -0.29007639
1.0554625e+08 0.23287974 0.13669146
1.1742719e+09 -0.088985405 0.20527125
3.4389638e+08 0.0073325464 -0.23122511
3.8910219e+11 0.026385633 0.097376681
7.4557434e+11 0.016477959 0.074994102
1.3272443e+08 -0.22328069 -0.10676735
2.1375228e+08 0.083935131 0.24535655
1.503273e+09 0.10315625 -0.18318513
8.8820945e+10 -0.11795199 -0.027268572
7.3989098e+09 -0.0036261824 0.19400652
1.4080123e+10 -0.11710857 0.12790141
80477910 0.02428641 -0.25741934
29214479 0.15026673 -0.24464209
32595026 0.29712623 0.0009081855
1.8736689e+09 0.0074155184 -0.20146554
7.8235296e+10 -0.091358291 0.10014607
70706158 -0.10467871 0.26446349
4.2280949e+11 0.035558907 0.092036128
10096536 0.014547361 -0.31417436
8.1611047e+09 -0.13361675 -0.10585094
6.0024388e+08 -0.1378137 -0.16816804
1.4846821e+12 0.033939385 0.023980025
1.5536854e+12 0.034144772 0.011100425
3.748187e+08 -0.22443608 -0.039535295
43218412 0.02150219 0.29011128
4.0490769e+09 0.14629035 -0.13110377
6.346973e+11 0.079067826 -0.0073395541
2.2335151e+08 -0.11135998 0.22841356
4.3571029e+08 0.20279534 -0.12585263
3.1270827e+09 0.15446276 0.14655182
75993983 0.26429268 0.079368558
1.2325218e+12 -0.033583704 0.0045393815
1.4394473e+09 0.023346337 0.22357922
43569736 -0.26720407 -0.062166169
1.0195773e+11 0.040277317 0.13328962
2.0757103e+08 -0.22472631 -0.078278915
4.4359877e+09 0.17491334 0.10880226
38626880 -0.020937386 -0.27199592
41726983 0.2077705 -0.19096951
2.655471e+09 0.063281053 0.2057085
53883709 0.056159912 -0.26180561
1.9180741e+09 -0.18548925 0.090392466
1.6416896e+10 0.17740041 0.0026815713
5.7575613e+10 -0.034506487 0.14481334
14719500 0.082165627 -0.2975109
1.0147526e+08 -0.15595093 0.2217383
11001791 -0.072553205 -0.2999898
25884061 0.22394484 0.20242547
40474775 -0.26696723 -0.076581969
1.058464e+08 0.08022702 0.2598217
20899836 -0.28410326 -0.11787532
5.954451e+10 -0.12006606 -0.049025534
29920021 0.19997217 -0.20831466
3.1470633e+10 0.15591188 0.057392767
1.7000189e+09 -0.085878524 -0.18042238
1.4745376e+11 0.1267326 0.0056766428
4.1504307e+10 -0.11800351 -0.070164768
49592831 -0.16633511 -0.21099029
2.7708667e+08 0.055887382 0.24778637
7.5718058e+09 -0.092424599 -0.14512952
42255996 -0.071514808 0.28957189
47925413 0.28470571 0.029944651
1.3583872e+08 0.22584483 0.14010337
22073111 0.30729609 0.037700411
10783252 0.048563936 -0.30919872
1.8039966e+11 0.11831777 -0.017102605
3.5344433e+08 0.076747609 -0.22052517
1.1886344e+11 -0.11360831 -0.014084365
2.4264645e+10 -0.13287329 -0.067819219
1.2965703e+09 -0.20748415 0.02837827
29670472 0.26469004 -0.14987703
5.855175e+10 -0.097320652 0.10384772
4.2288561e+08 0.15271541 -0.17774246
4.9960838e+09 0.17632931 -0.08562683
3.2121691e+11 0.10030926 0.036380249
2.0458283e+08 -0.14525344 0.2085639
1.4651727e+08 -0.064863699 0.25495333
19249131 0.0082386734 -0.29148834
4.989932e+08 0.05863463 -0.2191628
1.4640447e+11 0.10309474 -0.062763755
3.2931245e+10 0.12764992 -0.089616573
75176744 -0.16861594 -0.19602076
6.9263805e+08 -0.15256474 0.17131055
9.6769541e+08 0.21341038 0.091299659
4.2408978e+09 -0.0023211658 -0.18628036
3.4136355e+09 -0.18382809 -0.042580161
9.4250247e+08 0.1659315 0.16500918
4.866581e+11 -0.064083832 0.048941117
9.2427971e+09 -0.088648014 0.16208378
1.5527161e+08 0.18492321 0.1904164
1.1160274e+11 0.068534347 -0.10166642
7.6846814e+08 0.21205322 -0.090604028
36682471 -0.058706029 -0.26518951
1.1681396e+11 -0.11205803 0.042028103
81720365 0.081030013 -0.24727863
4.6059473e+08 0.11442756 0.21847952
62293456 -0.1944604 0.20333127
21789255 0.20713419 -0.21540067
75314767 -0.16576433 0.22561646
2.8589211e+08 0.23772517 -0.076336527
49818823 0.2833431 -0.055140637
74858644 0.2082628 -0.17184543
1.2575105e+12 0.039935525 0.034890231
4.6538904e+08 0.017236509 -0.22578373
24772195 0.1358555 -0.26050349
2.5663592e+09 0.034130199 0.21226157
5.0815307e+08 0.14562787 0.19705646
6.7061481e+08 0.22985529 0.060231294
4.7193797e+08 -0.20101544 0.11610176
1.4535061e+10 0.17865399 0.029401285
6.4425063e+11 0.0043738231 -0.062883825
1.0144104e+09 0.21430651 -0.073186649
6.0814218e+09 0.17670327 -0.077055651
1.6488046e+11 0.11298663 -0.040090671
16379870 -0.30471951 -0.052835954
1.1021841e+08 0.1469851 0.23018602
9.9687816e+11 -0.03963316 0.032908945
1.2391517e+09 -0.19191366 0.095142682
7.5459775e+11 0.020238883 0.07389017
1.9609284e+11 0.054373562 0.10982115
1.4899502e+12 -0.02015993 0.017352031
40270370 -0.12212266 0.28792641
46437670 0.010577328 -0.26939116
7.2174906e+10 -0.079724801 0.114027
3.7903403e+09 -0.13108995 -0.13013995
2.8530239e+09 0.20925032 -0.018595234
1.6746937e+08 -0.027172522 -0.24126714
1.5494555e+11 -0.10865928 0.017309637
23443005 0.148467 -0.25505617
2.8535334e+08 0.081647004 -0.22288444
97902927 0.24775604 0.11017997
34738438 -0.26033365 0.11510452
47413455 0.072128526 -0.26161925
1.186033e+08 0.19217289 0.18992941
1.4468203e+09 0.052677034 -0.20149662
2.4464145e+10 0.16803135 0.027666763
19601671 -0.30060447 -0.01523299
45556224 -0.23446345 -0.15334527
21766259 0.3128108 -0.032017635
3.2892022e+11 -0.028101688 -0.078942325
1.9847138e+08 -0.23283301 -0.054519153
1.7178317e+10 0.17501455 -0.01459333
1.3774946e+08 -0.24718678 -0.01017442
1.0107761e+08 -0.23597221 -0.092436126
3.1744145e+10 -0.14551883 0.031194782
1.3418444e+12 0.038311404 0.030354708
16808457 -0.059929688 -0.28667405
2.210989e+08 0.0018970931 0.25643437
1.214107e+09 -0.20136716 -0.047827674
4.4920209e+09 -0.11951186 -0.13675329
36872356 0.11928818 0.27173596
1.6052378e+10 0.17615779 -0.016426271
1.7640814e+09 0.14085896 0.17327554
5.3438406e+08 0.075014226 -0.21358178
1.3147231e+08 0.26319624 0.033850226
67083108 0.24830431 0.12520132
24065227 0.30858536 -0.02868882
5.007961e+08 0.0012075466 0.24217416
3.562465e+10 0.060323319 0.15290334
6.514656e+09 -0.054541904 0.18606935
6.0195012e+11 -0.066350887 0.0061409671
15185220 -0.11382161 -0.27219423
28146644 -0.27867569 -0.084256389
1.7662882e+12 0.01781934 0.00385681
2.9183564e+09 0.20255471 0.063901915
7.8349501e+09 0.1413368 -0.11844893
8.6745973e+10 0.13942271 -0.0072356395
15254791 -0.12581225 -0.26908577
16503155 0.11851434 -0.28970075
4.6548187e+11 0.092169517 0.0089683661
29305390 0.1207467 -0.26116309
20333236 0.24349521 0.18284188
24068987 0.2753494 0.12209441
6.484216e+08 0.19761521 -0.1209061
8.1471726e+11 0.067952149 -0.0096273983
42826275 0.26079422 0.12008767
7.6251493e+08 0.1237317 0.20328692
2.9524743e+10 0.14052466 0.093131281
36276682 0.27688702 -0.11598013
3.2478571e+08 -0.22402683 0.074417561
23374294 0.26885188 -0.15963389
3.939178e+09 -0.18542192 0.044201284
3.2530162e+10 -0.027545606 0.16007573
1.6880074e+08 0.001370773 -0.24383408
2.0586878e+11 -0.08593481 0.065065795
43576321 -0.016969735 0.29089022
2.0900737e+11 0.078030008 0.092661158
17448245 -0.30563071 -0.018343206
2.2362942e+10 -0.021466528 0.1695518
1.7343856e+09 -0.12091502 -0.1578649
3.9399677e+09 0.090254121 0.18810797
52167590 -0.090135751 0.27952272
50428714 0.10931598 -0.2489633
8.9955175e+09 -0.032964946 -0.16733957
31376529 -0.16801887 -0.22685549
1.4750715e+08 -0.24298046 -0.033751335
14420200 0.070521103 -0.29798056
1.9690538e+10 0.011197613 0.17485881
78678878 -0.16496571 0.22431016
38708775 0.28829581 -0.07470478
4.5148234e+08 0.22262387 0.10246662
3.5256244e+11 -0.084844055 0.012913893
6.1412226e+09 0.12828045 -0.13684074
1.9217047e+10 -0.12259936 0.11176013
37104158 -0.24548362 0.15050024
5.2701836e+08 0.14232464 0.19869575
8.4789664e+08 0.22865399 -0.034211038
1.3870479e+08 0.2443557 -0.098529422
1.5630798e+11 -0.10476183 -0.020433055
3.1145685e+10 -0.12055495 0.097167556
7.4118274e+08 -0.067718557 0.22283601
1.7824204e+09 -0.097322893 0.1924695
1.558601e+08 0.24637919 -0.08743721
2.2177469e+09 0.15415813 -0.13865382
33805759 0.0018517843 -0.27667755
3.8573076e+09 -0.10590546 -0.15116443
9.6008692e+10 0.074759746 0.12035038
16955085 0.21701744 -0.21974913
7.9134262e+08 -0.054175722 0.22585252
9.5219167e+11 0.063410469 0.014804224
1.4732262e+11 0.063932373 -0.095883949
7.4285803e+09 -0.17290902 -0.026061989
4.5131392e+11 0.085309736 -0.027100264
7.1389609e+08 -0.21832575 0.021718179
3.9892741e+09 0.033454131 -0.1862288
41405925 -0.25418869 0.1191176
17173362 -0.27215085 0.15697408
6.6214227e+09 0.020968326 -0.17786246
9.7701713e+11 -0.029104819 -0.030100824
4.1546506e+08 -0.10086304 0.22018551
46294507 -0.22164478 0.1808112
1.1203092e+09 0.12849218 0.19233447
4.518051e+10 0.14631401 -0.043506859
2.3519184e+09 -0.081504239 -0.17616886
12579479 0.028003152 -0.30407541
2.0513593e+11 -0.1007535 0.019082624
1.4286959e+08 -0.082657726 -0.22893572
5.4379656e+10 -0.039844768 -0.1257137
4.2808182e+11 0.092720767 0.028717564
81442284 -0.1888039 0.19738475
23078875 0.13102242 -0.26644926
1.1974072e+12 -0.033523534 -0.0037000601
1.2060565e+08 0.013323911 0.26761225
10692247 -0.045791672 -0.3125578
3.0597597e+11 0.064710413 -0.070843553
3.0360493e+11 0.09766635 0.048598759
30855789 0.28429146 -0.11480715
18894595 -0.061839885 -0.28217626
20278530 -0.1899861 -0.23622553
64529041 -0.054893645 0.27649037
1.0606242e+08 0.26007441 -0.073077441
94212590 0.12518953 -0.22660168
31238237 -0.27720454 -0.068754873
2.484723e+09 -0.017466136 -0.19462695
3.8100799e+10 0.023196789 0.15994005
2.9606336e+09 0.10970106 0.18378893
49547287 -0.2688244 0.032292445
1.7497829e+09 -0.19128552 0.079784002
2.8277622e+10 0.061286911 -0.13992021
82840902 0.19815717 0.19353651
24053426 -0.19433937 -0.22482902
29425555 0.29151832 0.066350421
48745694 -0.2353977 -0.14719477
2.3576178e+09 0.084631171 -0.18276579
1.711122e+08 -0.20502034 0.14746934
3.2839644e+11 -0.061228629 0.074894236
1.1021453e+11 0.046438485 0.12943667
52993801 -0.26484079 -0.041661624
1.7124814e+10 -0.15938693 0.02426292
3.117683e+11 -0.084754579 -0.018142276
3.8898679e+10 0.04953259 0.15438041
1.3255581e+08 0.12777702 0.23692814
33316815 0.28545007 0.074447896
1.2622192e+09 0.12966781 0.1890237
1.9605514e+08 -0.04525747 -0.23477463
28751526 0.060807894 0.2953556
2.5874154e+11 0.05181063 0.10217068
9.4853094e+09 0.063674056 -0.1627393
3.295034e+08 0.12129387 0.22151728
1.4486513e+11 0.0077482325 -0.10997445
1.5707292e+12 0.01326821 0.033791778
30801403 -0.066893392 -0.26694459
21558038 0.070316113 0.30331234
6.7792226e+08 -0.092509346 0.21438833
22679547 -0.036066348 -0.28340689
2.7221448e+09 -0.10055828 0.18165246
4.1198973e+09 0.12522168 -0.14865477
2.1342503e+08 -0.17716341 -0.15725651
6.2067023e+08 -0.21851289 0.045103425
2.5127293e+08 0.073533509 0.24542076
1.4567334e+08 0.038501787 0.26210422
1.299038e+11 -0.056243318 0.11291379
29818225 0.27049184 -0.14153544
5.4032458e+10 0.11912618 0.099820836
4.679252e+08 -0.2255869 -0.0009060984
1.0570902e+12 0.058608403 0.0078082688
88076049 -0.13917035 0.23984824
1.0702559e+08 -0.25278093 0.00012962637
6.2911253e+09 -0.046610561 -0.17069452
2.6700848e+11 -0.0061015438 0.11012065
34505096 -0.17478971 -0.21945279
1.2041858e+09 0.11609343 0.19855069
41018442 -0.15616868 -0.22310731
1.800724e+08 0.25926276 0.008584088
2.6502395e+11 0.023906108 -0.091811465
1.6478125e+10 0.17378841 0.043167984
4.8000164e+09 0.19804912 0.043650339
1.335224e+09 0.20867812 -0.074025379
1.5652912e+12 0.010098321 -0.016173451
33452909 -0.2286959 0.19177825
4.959158e+11 0.02433359 0.089377382
1.0727984e+10 -0.12325101 -0.10982382
3.1992803e+10 -0.1345861 0.070188797
3.1995357e+09 0.1641299 -0.11800788
1.9115594e+09 0.1685304 -0.12719198
3.4996855e+08 -0.051317506 0.24133023
5.5168737e+09 0.15845282 0.12580655
2.6041375e+11 0.10949514 0.024722892
35090730 -0.023042485 0.29789639
2.4841045e+09 -0.18048472 0.090314296
9.7898765e+10 -0.098279801 0.082505854
4.1114052e+10 -0.12846256 0.070374519
1.0539194e+09 -0.022856763 0.2273381
6.0256947e+11 0.044415048 -0.056389561
49224279 0.13930227 -0.23473484
2.1553629e+08 -0.11544856 0.22707072
7.8567343e+11 0.015482687 0.072913162
4.2726434e+09 0.188001 0.084473359
3.9202216e+08 -0.18818854 0.14445113
3.0870754e+10 0.030715888 0.16366003
5.9186586e+08 -0.21934362 -0.022657175
7.5267751e+08 0.10979528 -0.19322732
1.0498439e+09 -0.21179716 0.0056263336
4.4499227e+08 -0.025479506 -0.22400228
2.1643405e+10 0.17177423 0.0082070974
1.0125473e+11 -0.1097468 0.059831962
1.5011439e+11 0.067946163 0.11096267
68030993 -0.014917893 -0.2602796
23063950 0.23028833 -0.19656792
52843392 0.27687152 -0.079718318
36064243 0.17292951 0.24522678
65962712 0.17836721 0.22057453
16161708 0.09472528 -0.29337258
48607185 -0.25745545 -0.092082278
7.1516154e+08 -0.067702404 -0.20464506
6.1441319e+08 0.0019823548 0.23869035
3.9281103e+10 0.1300431 0.097461476
4.4188956e+08 0.23227779 -0.06733793
20638733 -0.25056734 -0.18655005
2.0753804e+09 0.21014822 -0.044438904
66829705 -0.25730188 0.065049725
65893241 -0.25651011 -0.057191573
5.0083758e+10 0.077642447 -0.11879752
7.5960898e+09 0.13487801 0.14297204
27035435 0.30111608 0.027800722
1.2238158e+08 0.054367745 0.26292236
28059578 -0.28151655 -0.065729131
9.5972394e+11 -0.00061011943 -0.045278257
24590217 0.30593802 -0.077999958
4.7343265e+11 -0.044986713 0.073597431
1.166618e+10 -0.16348021 0.048408525
3.6916654e+08 -0.22610301 0.05500324
1.1655562e+10 0.18418774 0.016366462
4.1982868e+08 -0.18551957 0.14611528
1.445636e+10 0.15063436 -0.087825788
4.5416172e+09 0.19723705 0.052463086
1.7158979e+09 -0.17856791 -0.089221803
4.1549896e+09 -0.11966081 0.15795187
28630379 0.30162481 -0.058113395
50710042 0.028279449 0.28523894
2.3727415e+11 -0.028211883 0.1081711
2.2440227e+08 0.21278021 -0.13286647
2.6357398e+08 -0.18997952 0.15467685
5.2734094e+08 0.096923511 0.22394359
3.4887167e+10 -0.11810454 -0.077016754
3.9853631e+10 0.13149888 0.094850577
6.5021297e+09 -0.13515064 -0.11080226
48672259 0.28266901 0.042322737
1.3691099e+10 0.095341064 0.15848899
1.6345847e+08 0.13575169 -0.20898043
2.8812406e+08 -0.017879166 -0.23274943
1.9156413e+08 0.15644831 0.21065242
25867273 -0.21826715 -0.20397623
42080937 -0.093381098 -0.25025421
47720755 -0.21294263 0.19273398
5.3812113e+11 0.028334108 -0.06724424
2.8580032e+10 -0.12737306 0.089899585
1.1169372e+08 -0.25161143 0.02706038
1.7177897e+10 -0.085397493 -0.13035902
55135459 -0.20462819 0.19633535
2.0191547e+08 0.16566475 0.20199071
2.6199399e+08 -0.12251555 -0.1970767
1.7759997e+09 0.02248111 -0.20200311
3.507795e+09 0.033060923 -0.18866623
1.4217545e+10 -0.14496133 0.088128143
2.1079497e+11 0.083548873 -0.069637601
1.0606494e+09 0.22835929 0.0085655514
7.3286864e+11 -0.053408959 0.035582611
1.9959982e+09 0.21668837 -0.0088978114
27579940 0.19900255 0.23265034
18697682 -0.292805 -0.097937809
1.6682448e+08 -0.24379942 0.028809803
2.4914622e+08 0.020142486 0.25406372
8.4637861e+11 -0.048791493 0.030698166
1.4862294e+10 0.088006756 -0.1429032
6.818544e+08 -0.21594015 -0.028425385
1.5537811e+11 0.12527362 0.0040326871
10254686 -0.083287298 -0.29902729
7.3323498e+10 -0.065875071 -0.10488855
57950597 0.25220825 -0.12908684
1.5490636e+12 -0.0062937012 0.031265683
8.8908337e+11 -0.048984987 -0.0035396277
1.6003966e+12 0.026260128 -0.00575612
2.1330455e+09 -0.19724749 0.040619759
4.665664e+11 -0.0086088472 -0.073004767
20810059 0.034471854 0.31434134
4.4162329e+11 -0.076788723 0.020436784
6.209246e+11 -0.011703105 0.080104135
1.7639661e+10 -0.1078122 0.13074202
6.3808723e+10 -0.1032958 -0.074187521
5.6315199e+10 0.041899268 0.14770212
1.0478363e+12 0.046290475 -0.024811798
58430668 -0.26106316 -0.049347484
6.7571932e+11 -0.03816461 -0.043378885
1.2020604e+11 -0.049954683 0.1188605
23741049 -0.0075771653 0.31433607
1.1178075e+08 -0.17128873 0.20404066
2.2554348e+09 0.024013061 -0.1976122
42004607 -0.16554989 0.2629499
1.0129214e+08 0.26534347 0.051844238
5.5824743e+10 -0.10343505 0.098320533
32552025 -0.25798884 -0.13896982
1.1784331e+08 -0.24432208 0.070591564
1.1978805e+09 -0.20665208 -0.024751059
25454580 0.17187786 0.25995804
4.7658339e+09 -0.17245019 0.078274814
8.6760539e+10 0.11310256 0.089251946
2.4631716e+08 -0.18463079 -0.14423612
1.5948384e+10 0.16612637 0.071047134
4.5074027e+10 -0.0061204878 0.15627489
2.4267708e+11 0.045544095 -0.088854952
33606554 -0.25075952 0.1457101
6.3094543e+10 0.10518439 0.10967685
2.2302919e+10 -0.15264963 0.034554547
2.3796937e+10 -0.11112222 0.11841225
6.9624835e+10 0.087232092 0.12155663
6.1067842e+08 0.23175527 0.059084276
24775861 -0.28732207 0.038458931
2.0997241e+09 0.21144679 -0.03810874
8.4308265e+11 0.027733473 0.067031285
8.86762e+10 0.11490705 0.085909329
8.0291528e+10 -0.10544437 -0.061300549
5.7449355e+10 -0.047277601 -0.1214017
1.5445762e+11 0.058262551 0.11525044
5.3881946e+08 -0.057600732 0.23184447
1.0231847e+12 0.060110589 0.0050374793
2.0945409e+08 -0.12284322 -0.20158723
55500029 -0.11620514 0.27171241
2.2408096e+08 0.23711222 -0.090681121
1.0635363e+10 -0.072331034 -0.14925429
2.7692779e+10 0.16635983 0.01606676
56604793 -0.15124139 0.25343205
21249621 -0.24158401 -0.19439353
1.3059078e+12 0.03276951 -0.020801306
7.0552889e+08 -0.1739121 0.14626376
5.2528669e+08 0.046997157 0.23822873
47597425 0.28684406 -0.024553153
44678077 0.28105332 0.061338644
87577027 -0.14078779 0.23900063
3.6517723e+11 0.042857101 0.094467359
1.3351597e+08 -0.11196753 0.24115289
4.5334105e+08 -0.020618376 -0.22438331
1.8708738e+11 0.12000404 0.00090351724
60184622 -0.25794359 -0.061945827
1.4098043e+08 0.21367087 -0.1464574
72563564 0.045072385 -0.25730547
2.1068602e+08 0.25579113 0.022009467
25082723 0.2176782 -0.20225426
1.2077633e+09 -0.17671757 0.12533663
38313728 0.026067252 0.29300408
1.110602e+10 -0.1114213 -0.12084104
7.2294728e+08 0.17690471 0.15980087
26493470 -0.016370206 -0.28190009
14272989 0.26417774 0.16782963
3.687899e+09 0.204947 -0.015185822
7.2401279e+08 -0.18891467 -0.10201771
3.0294914e+10 -0.061831062 0.14929428
7.3627564e+10 -0.086892496 0.10688449
3.7454757e+11 -0.037609896 0.088298376
1.4663907e+10 -0.026018164 -0.15896594
58978963 0.043163445 -0.26184042
4.574249e+08 -0.10906265 0.21381068
2.5315712e+11 -0.012968901 0.11054238
22820501 -0.29157114 -0.04727595
45535448 0.06943382 -0.26313834
1.0479091e+08 0.22574832 0.14888727
1.6102953e+08 -0.13781558 -0.19782132
3.9330099e+10 0.13033272 0.097012299
34506417 -0.039519868 0.29820612
1.0915507e+08 -0.25191384 0.029404929
17991980 0.10778699 -0.28698364
53209484 -0.2386698 0.14095865
6.1027023e+09 -0.17360134 -0.039385643
1.2308078e+09 0.22508453 -0.011009475
4.5272658e+11 -0.0082301938 0.092646423
2.1410922e+11 0.085109948 -0.067479594
4.8618767e+11 -0.04800311 0.069712323
1.7020887e+08 0.15924932 -0.19249724
1.0236567e+12 -0.02536149 -0.030424005
3.4131448e+08 0.15163632 0.20124538
1.0599265e+10 -0.16910846 0.023334762
2.3781924e+10 -0.14350904 -0.045256254
1.4628382e+12 0.0074265075 -0.02171662
18500628 0.18331039 -0.23968209
8.9789185e+09 0.066045401 -0.16308904
6.4448265e+08 0.012956661 -0.2202146
5.4011275e+10 -0.043472436 -0.12451414
6.0142983e+09 0.18244891 -0.065206967
1.1520189e+11 0.07753888 -0.095309111
2.023864e+08 -0.017670344 0.25684388
26703137 0.21467759 -0.20191551
29872644 -0.27886426 -0.068383966
12999278 -0.14546946 -0.27307871
1.8113483e+09 -0.14473835 -0.13513331
1.1448712e+10 -0.16665125 -0.012408608
1.4371945e+12 0.017185517 0.040110479
41940682 -0.25174665 0.12518557
5.898069e+09 -0.15657364 0.10278389
4.1003406e+10 0.15007976 0.056463298
5.7465453e+09 0.1904275 0.061240207
5.6114485e+08 0.067842536 -0.21477781
7.7586728e+10 0.03272934 0.14190492
18956797 -0.078631055 -0.27637521
45345380 -0.17777404 0.2453047
1.1860345e+11 -0.11461701 -0.0085077344
1.407589e+09 -0.1443029 0.16176288
1.1044476e+10 -0.15912516 -0.047795145
1.8152524e+08 0.023653555 0.2595033
1.6675189e+10 -0.14595973 0.078530757
8.0814711e+09 0.083646085 0.17626623
2.6934858e+10 -0.088117967 -0.11681353
7.7604676e+09 0.073392299 -0.16347493
3.4673585e+08 0.17557661 0.17967446
3.7348385e+11 -0.082832128 0.015826328
6.6837547e+11 -0.061240154 -0.0033134518
1.4757765e+08 -0.044457895 0.25908818
88704687 -0.25593913 0.031710639
2.1897007e+10 0.0080052412 -0.15432928
21714531 0.30658022 0.047154435
13840306 -0.30557511 0.054430737
32605543 0.27198885 0.11109993
2.5658215e+08 -0.15026501 -0.17768867
27036080 -0.26650856 0.11910001
4.945416e+08 -0.22397913 -0.0099768529
6.7528902e+11 0.058140116 -0.040591897
3.8630661e+10 0.11953886 -0.093551366
15536012 -0.30879351 -0.03994871
13548902 -0.12995021 -0.27321182
25396851 0.081807692 0.29429485
22777295 0.11634937 -0.27339122
3.2482808e+10 0.12028496 0.1157668
3.3160659e+10 0.15346331 0.061006656
20287182 -0.23988989 -0.19894737
31411824 -0.26170861 -0.13385688
1.3433273e+10 0.092931301 0.16032203
1.8151498e+08 -0.16463823 -0.17412272
5.6810693e+09 0.12692991 0.15727492
32449905 -0.072685365 0.30186654
1.9104637e+10 -0.030225707 -0.15245719
2.5108824e+08 0.1125001 -0.21290395
6.0489456e+11 -0.053420294 -0.032397136
5.2937809e+10 0.051359159 -0.1284718
28274692 -0.0059604889 0.30618558
7.6826798e+11 -0.0098896686 -0.05325047
8.5591037e+10 -0.12379378 0.019311307
13270093 -0.015807769 -0.3044393
68459509 -0.20113949 0.18975391
1.4253385e+09 0.21776159 0.055321624
19309246 -0.29743948 -0.054811244
4.0410732e+09 0.075364529 -0.17583953
4.0413697e+08 0.19634741 0.15132586
1.2022048e+12 0.046010779 0.030596835
9.4657658e+08 0.055432417 0.22632736
8.7468534e+09 -0.1540177 -0.071678257
1.1843075e+11 0.0096610792 -0.11526204
1.1837679e+08 -0.16561288 -0.18499836
3.9441449e+09 -0.18454734 -0.028048574
2.0807458e+08 0.049272203 -0.23664744
1.3164694e+12 0.011576075 -0.028839733
76232968 0.010112963 -0.25904537
58008602 -0.24949678 0.10709304
2.8539032e+10 -0.078165299 -0.12240239
35311190 0.19745732 0.22361549
16180372 -0.19928723 -0.24356735
8.9497498e+08 0.22759291 0.047170975
2.5398698e+11 -0.070661079 0.076098712
2.4604672e+09 -0.037543609 -0.19109655
35983978 0.0075944921 -0.27520804
1.6493795e+08 0.22543586 -0.12521164
1.1262446e+08 -0.22067806 0.13767819
1.2384517e+08 0.011280195 0.2671523
32764900 -0.27740294 0.048338206
1.3790758e+08 0.21754341 -0.14237497
4.2069273e+08 0.16652848 -0.1665336
7.4886514e+09 -0.095208239 0.16266259
61498202 -0.14374599 -0.21780662
1.5713497e+09 0.21999788 0.032401044
38037835 -0.27538145 -0.03257936
5.3982177e+08 -0.047165933 0.2345067
1.2374457e+11 0.046234612 -0.10829244
9889985.7 -0.10091565 -0.29409355
7.268379e+11 0.075516094 0.0085493338
49428729 0.19050736 0.21838948
3.8340538e+09 -0.10414819 0.17179527
69806954 -0.12254701 0.25870188
2.4425614e+08 -0.13865294 -0.1877748
4.7150743e+10 0.059794435 0.14639503
4.5184217e+09 -0.013595412 -0.184087
50596025 0.081852568 -0.25778176
25648478 0.30300855 0.026764191
15430755 -0.30948364 0.021187454
1.8325695e+11 0.05530589 0.11147433
5.3220051e+10 -0.09775624 0.10667468
2.4835054e+10 0.1458691 -0.07443462
37000871 0.28915439 0.045839322
13784848 -0.30776565 0.048087747
2.6249763e+10 0.16486183 0.038339165
3.1401584e+11 0.08829801 0.063379517
2.0959813e+10 -0.045430674 0.16466287
3.1920356e+09 0.20887179 0.0087091278
1.3074574e+08 0.14744859 -0.20642286
17698928 0.13701479 -0.277796
2.1372848e+10 0.053674474 0.16664073
1.8622124e+08 -0.078566676 0.24601912
7.2096522e+11 -0.047825089 0.047261671
2.1139247e+09 0.089965095 0.20057399
1.6560759e+10 0.11644715 0.13884762
1.8667358e+08 0.08476475 -0.22976264
23044836 0.2767342 -0.15053927
7.8818282e+10 -0.044586729 0.13313298
1.672296e+09 0.019193277 0.22120703
3.2404795e+08 -0.23153129 -0.0086356595
54844838 0.13428292 0.2545997
1.8962038e+09 0.21729854 0.026587335
1.9200363e+09 0.044713864 -0.19793671
13008682 -0.07392414 -0.29145295
4.6699687e+09 -0.13923496 0.13521831
1.2645461e+08 -0.052943397 -0.24099785
6.5527375e+08 0.1065865 0.21552531
15172522 0.2506903 0.18593095
6.1391042e+08 -0.18457803 -0.11502678
1.1683161e+08 -0.16521619 0.20838525
1.0856058e+12 0.0013281337 -0.039411855
6.9528838e+08 -0.21109761 -0.048925022
6.0444754e+08 0.063965431 0.23226401
6.3207778e+08 0.23718305 0.013502886
2.0399469e+09 0.17312646 -0.11979668
3.8115494e+08 0.22746144 0.098353543
18090584 0.13151319 -0.27936937
1.63607e+10 -0.16004326 -0.0073163116
1.2351423e+09 0.22296306 0.041424108
93821190 0.23635931 0.13472481
6.2849701e+09 0.060356641 -0.17203181
12928585 -0.29878275 0.087122038
1.0165239e+09 0.19789246 -0.10597839
2.2409741e+10 0.13744406 0.10780338
8.1867934e+11 0.051740088 0.053664914
1.9930316e+09 -0.19151969 -0.050628645
1.9360752e+08 0.21208209 -0.13847271
2.0070649e+09 -0.15474388 -0.12076004
2.3001005e+09 -0.18796724 0.074321415
2.4432001e+10 -0.032860711 -0.14645804
2.3462309e+08 -0.2150308 0.11636677
9.7001794e+08 -0.090494984 0.20829612
29205004 -0.25470102 -0.15544419
9.2330489e+08 -0.1495059 0.1671419
43794212 0.2770391 -0.098961938
1.7473358e+09 0.21958816 0.011790704
3.9397697e+09 -0.021218188 0.20397641
77975009 -0.22721274 -0.12984688
64155416 0.27864128 -0.036473016
4.6673889e+11 0.011975576 0.093060656
1.454724e+09 -0.20296294 -0.026259328
1.0502066e+08 0.21483818 -0.15443072
2.2299992e+11 0.087631956 0.080799126
28062654 0.29725418 0.047151898
1.5723226e+09 -0.043779593 0.21622682
40184918 -0.040307837 -0.26775303
49822433 0.066350821 -0.26166656
3.4199134e+09 0.19577396 -0.060176678
48173270 -0.005855778 0.28827996
1.2005248e+08 -0.16456814 -0.18545663
21349673 0.31021193 0.022054254
5.9933245e+08 0.17494371 0.16675693
2.573429e+10 -0.12703069 0.094777864
3.320644e+08 -0.2098825 -0.091476364
17003354 -0.30677352 0.0065348668
9.8950159e+08 0.22065339 0.069199251
2.7069223e+10 -0.13558746 0.076826069
3.0360078e+08 -0.20955812 -0.096209142
1.7171652e+12 0.0030322315 -0.0053663922
4.0546445e+10 0.064842979 -0.13010753
