0 -0.036909547 -0.047254681
0 -0.065952986 -0.29339383
0 0.17621208 -0.17009574
0 -0.092425851 0.13047751
0 0.28385639 -0.044721976
0 0.1176603 -0.18181322
0 -0.11838842 0.041677039
0 0.15333514 0.027247007
0 -0.22073357 0.030636344
0 0.11383054 -0.088925219
0 -0.020248147 0.2930976
0 0.27839258 -0.084659951
0 0.05271131 0.12172562
0 -0.21892476 -0.10018083
0 -0.19419368 0.14181928
0 -0.20663956 -0.1755839
0 0.23549088 -0.086915998
0 -0.049123132 -0.27465771
0 -0.25449023 -0.13882403
0 0.1517285 0.045328844
0 0.10183011 -0.1983262
0 -0.058656401 -0.14422775
0 -0.12032541 -0.20908303
0 0.070631397 -0.096183845
0 -0.19889304 0.048355732
0 -0.18998233 0.033791486
0 -0.14363256 -0.16219355
0 -0.28264712 -0.11027856
0 0.29064062 0.035608346
0 -0.12747416 -0.22894481
0 -0.20364226 -0.07827659
0 0.12476866 0.078024092
0 0.086367963 -0.10435741
0 -0.23854076 0.15637951
0 -0.30485371 0.029356506
0 -0.18834527 -0.23911044
0 -0.14241792 -0.11513009
0 0.020928952 0.13213289
0 0.08664061 -0.026248495
0 0.046462243 -0.15148416
0 -0.067181825 -0.087244605
0 0.26505402 0.14511044
0 0.091153643 -0.14830537
0 0.0082915162 0.28095018
0 -0.18179211 -0.2254932
0 0.19970176 0.11173862
0 -0.1073112 0.23997807
0 -0.23725297 0.022154815
0 -0.050046045 0.080954927
0 0.29666162 0.027242701
0 -0.16481431 0.16462482
0 -0.25711927 0.16905224
0 0.0027583933 0.0056277632
0 -0.15526846 -0.13745162
0 0.02380727 0.29521578
0 -0.30108994 -0.033779959
0 -0.01593706 -0.10745868
0 0.24830041 -0.07635828
0 -0.050196809 -0.047712812
0 0.28137437 -0.10740047
0 -0.24695736 0.16323602
0 -0.13390518 0.10353772
0 0.015474246 -0.27486355
0 -0.072811671 0.25931132
0 -0.26095012 0.13275623
0 0.14736835 -0.037186364
0 0.071353991 -0.071257286
0 0.2177697 0.0048394667
0 0.033478966 0.14612508
0 -0.092617225 0.2280414
0 -0.18400562 0.17650694
0 -0.25436536 0.12536775
0 0.13588624 0.21346366
0 0.083826133 0.22470641
0 0.10848102 -0.19840416
0 0.22500963 -0.10407413
0 0.11849383 -0.14451683
0 -0.22838006 0.15193389
0 -0.081060744 0.23545888
0 0.19293791 -0.0086279351
0 0.21187062 0.19730465
0 0.096969729 0.028774948
0 0.062313434 -0.25487082
0 0.24865834 -0.19068442
0 -0.22296284 -0.13284783
0 0.16479875 0.11054099
0 0.22228243 -0.082016675
0 0.13752199 -0.22193056
0 -0.25466823 -0.12160692
0 0.19717242 -0.030518535
0 -0.20542085 -0.054169245
0 0.27879705 0.071616312
0 -0.048671074 0.13896271
0 0.26525905 0.13562152
0 -0.11978353 -0.23610366
0 0.092417029 -0.28323298
0 -0.11177141 -0.16107896
0 -0.26113274 0.13243693
0 -0.15215697 -0.209429
0 -0.22632181 -0.14891563
0 -0.08085526 -0.17984573
0 0.036921293 -0.23760573
0 -0.14951719 0.2180293
0 0.15699181 0.089350066
0 -0.14953377 0.19055206
0 0.093476374 0.11852469
0 0.21150375 -0.23232038
0 -0.078911712 -0.14059377
0 -0.129032 0.1538103
0 0.057648235 0.22145081
0 -0.1281604 -0.28535995
0 -0.18919912 0.22230583
0 -0.15916948 0.10398633
0 0.2857386 0.039393576
0 -0.17284511 0.22600009
0 -0.16387168 0.24824318
0 0.31578543 -0.011373985
0 -0.10709673 0.041803579
0 -0.17503613 -0.20243577
0 0.10465765 0.048705322
0 -0.015405834 -0.0034834237
0 0.025896888 -0.29580004
0 0.035028749 -0.15831768
0 0.19282597 0.23600181
0 -0.22219461 -0.11237627
0 0.16429309 0.12966458
0 0.22801773 0.18091252
0 0.14162611 0.12904929
0 -0.022669082 -0.29201577
0 0.076271814 0.098086336
0 -0.20665097 0.20245297
0 -0.098080753 0.20696188
0 0.077349926 -0.16293904
0 0.16136958 0.22028784
0 -0.2181414 -0.14236597
0 0.27327528 0.11838829
0 0.0020958048 -0.1504529
0 0.26583181 0.065180968
0 -0.22785716 -0.18223739
0 0.0048120215 0.12139322
0 -0.0023156882 0.0092428632
0 0.29913341 -0.026396633
0 0.14752556 -0.18047274
0 0.28253986 0.10864056
0 -0.040422457 0.018507438
0 -0.1448265 0.038288396
0 0.12706132 0.023261037
0 -0.24402572 -0.067074495
0 0.20945466 0.084771877
0 0.10615628 0.16649664
0 -0.028687862 -0.10303116
0 -0.08123644 -0.23135758
0 -0.054096155 -0.23931048
0 0.14538261 0.015359873
0 -0.21419546 0.061528291
0 -0.30741776 0.045696057
0 0.079424373 0.24960382
0 -0.061123714 -0.21112096
0 -0.0579986 -0.12586077
0 0.015042449 -0.054725616
0 0.2059639 -0.1467663
0 0.028468098 0.067102909
0 -0.22339015 0.22105034
0 -0.029345838 0.051675252
0 -0.025571832 0.18504795
0 0.20370048 0.12250446
0 0.066309031 -0.28125707
0 0.12739382 0.15599539
0 0.26551118 0.042155816
0 -0.10441299 -0.23185604
0 -0.22008618 0.0083859738
0 0.055597843 0.15676904
0 -0.033686989 -0.082327478
0 0.11792167 0.034091852
0 -0.19216541 -0.18077353
0 0.014329981 0.1289448
0 0.22751892 0.14662383
0 0.22076232 -0.21848773
0 -0.019749338 -0.16194757
0 -0.024655801 0.04454701
0 0.073264219 -0.29673202
0 -0.199324 0.1060869
0 -0.26097364 -0.12396854
0 -0.23576208 -0.10663286
0 0.0024037852 0.09251795
0 -0.10476282 0.094919646
0 0.15786613 -0.20028703
0 -0.27460075 0.022001384
0 -0.066280465 -0.018703989
0 0.0369631 0.23408179
0 -0.26312675 -0.15260719
0 -0.03180981 -0.29599837
0 0.082779726 -0.03701632
0 0.07582483 -0.022732113
0 0.039792358 0.072336655
0 -0.1937754 0.11600801
0 -0.1499102 0.24637018
0 -0.13394535 0.020810233
0 -0.073275617 0.10356076
0 0.24186024 -0.14022517
0 0.23869001 0.1108447
0 0.0096256088 -0.22151763
0 0.15903792 -0.25541981
0 -0.28884073 -0.0042442188
0 -0.20750876 0.23631875
0 0.011431102 0.15854589
0 -0.18090259 -0.21842012
0 0.060062248 0.19122406
0 0.14457323 -0.045447366
0 -0.11609765 -0.19638885
0 -0.24225121 0.0048623208
0 0.20733538 -0.074485143
0 -0.0601742 0.17274304
0 0.02232189 0.041239753
0 0.088421507 0.23469297
0 0.11535019 -0.097036499
0 -0.1358272 -0.17731443
0 0.1804492 0.17088524
0 0.18453419 -0.22464018
0 0.096499006 0.23688031
0 0.18167043 -0.11248285
0 0.039990432 0.121673
0 0.048251864 -0.14167327
0 -0.14575534 0.16470274
0 -0.23285544 -0.0074686355
0 -0.088692403 0.17919317
0 -0.070568717 -0.1784646
0 -0.042797531 0.12108592
0 -0.21307966 -0.16634269
0 -0.27010433 -0.071103832
0 -0.24218969 0.15033555
0 0.030424211 -0.13791574
0 0.087888333 -0.21890842
0 -0.20768846 0.050572715
0 0.07282298 0.21665312
0 0.12079902 -0.064348019
0 -0.18452172 -0.17555835
0 0.12290376 0.10270011
0 -0.18064676 0.010330068
0 0.20725037 0.078148763
0 0.13375485 -0.20256299
0 -0.17732452 -0.24544614
0 0.23308899 -0.046248331
0 -0.087152167 -0.29556169
0 -0.22323064 -0.017513455
0 0.036367832 -0.22628299
0 -0.090032035 -0.2563818
0 0.2688748 -0.014379386
0 0.24017448 0.089199346
0 -0.31316351 0.013320786
0 0.14594235 -0.24789305
0 0.1970849 -0.11196025
0 -0.20456284 -0.033495502
0 -0.21228712 -0.11937618
0 -0.0074577371 -0.11688726
0 -0.2274717 0.0086955132
0 0.079913629 -0.11404879
0 0.17127969 -0.09594631
0 0.15046906 -0.13163542
0 -0.17346995 -0.17258866
0 -0.19317455 0.12884973
0 0.17025283 0.12276044
0 -0.24438822 0.17303759
0 -0.14366258 0.048395077
0 -0.10401831 0.24454221
0 0.058262109 -0.21273241
0 0.15822115 0.083156915
0 -0.047182512 -0.0016462
0 -0.24317565 0.18194742
0 -0.11663479 0.021685953
0 -0.0637305 -0.027552164
0 0.0079085419 0.19311201
0 -0.056786953 0.19434003
0 0.061973804 0.27980444
0 -0.14514984 -0.024198637
0 0.13559233 0.23821538
0 0.16673573 -0.066243184
0 -0.086540404 0.18138015
0 -0.094208952 0.10656353
0 -0.12545315 0.17419366
0 -0.034223286 -0.12796583
0 0.30579098 0.048689035
0 0.079749114 -0.28074942
0 0.04254931 -0.23702726
0 0.14282182 0.036265081
0 0.040957884 0.25943988
0 -0.23127867 0.17767328
0 -0.097331377 -0.12458792
0 0.15627526 -0.25292189
0 -0.016985865 0.19344192
0 -0.14432336 -0.10868662
0 0.29818431 0.026762769
0 0.27251497 0.04762817
0 -0.040708346 -0.21551973
0 -0.088244084 0.28119727
0 0.28800922 0.11812602
0 -0.058614301 -0.05723703
0 0.010455386 0.011071955
0 -0.13421096 0.018133039
0 0.20427552 0.13405491
0 -0.15320591 0.1958582
0 0.021765616 -0.23227764
0 0.042073378 -0.14443751
0 0.0066790476 0.026853025
0 0.15438212 0.15791492
0 -0.20822344 0.10164605
0 0.10830785 0.13857066
0 -0.20249575 0.16665085
0 0.24565349 0.061610677
0 0.1229816 -0.28453196
0 -0.13194281 -0.0033228642
0 -0.27088287 -0.061091712
0 0.05047348 0.12440992
0 0.012269833 0.17868073
0 0.15293367 -0.020705032
0 0.074226804 0.063946569
0 -0.11454124 -0.21025917
0 0.1867848 0.081993649
0 0.19602568 0.085491181
0 -0.016242159 -0.22974752
0 -0.026770757 0.097995239
0 -0.00019771676 -0.12701215
0 -0.056438114 0.27706725
0 -0.088361451 -0.10742617
0 -0.16243579 -0.16116591
0 -0.018735485 0.035041883
0 -0.078995571 0.24626875
0 -0.080658963 0.27350132
0 -0.1914568 -0.18563575
0 0.26136163 -0.01569984
0 -0.011685323 0.11524544
0 -0.079975428 0.16235636
0 -0.21174469 -0.01061827
0 -0.084712869 0.077359299
0 -0.25976167 0.020213486
0 -0.057491882 -0.16271124
0 -0.23117949 -0.11355542
0 -0.12797207 0.18410764
0 0.026594057 -0.058034875
0 -0.045499083 0.11372905
0 0.23319495 -0.048194787
0 -0.12237873 0.23114975
0 -0.13151676 -0.2782741
0 -0.033518915 0.13730375
0 -0.17858861 0.071974363
0 -0.25124849 0.11238381
0 -0.11092538 0.23122567
0 -0.082754453 0.25233217
0 0.086383316 0.28572879
0 -0.076967457 0.082228547
0 -0.12861054 -0.26443362
0 -0.12048648 0.16709655
0 -0.082695441 -0.10001343
0 0.022256136 -0.15188099
0 0.017944141 -0.12432454
0 -0.12330892 -0.026870981
0 -0.30993293 0.057530131
0 0.042768326 -0.1448448
0 0.20327421 -0.14571201
0 -0.059300083 -0.25768806
0 -0.028955047 -0.075058207
0 -0.27815172 -0.085802479
0 0.28220962 0.058636286
0 -0.17848316 -0.080086057
0 -0.17903863 -0.086918022
0 -0.20146464 0.19437947
0 0.15323631 -0.14742122
0 0.092130435 0.27254175
0 -0.24863093 -0.08002776
0 -0.033907655 0.29444512
0 -0.23837411 0.01108412
0 -0.043516733 -0.22347104
0 0.1965012 0.2008482
0 -0.13619017 -0.073595038
0 0.057836599 -0.070598739
0 0.092869601 -0.082428654
0 0.02195636 0.23107384
0 0.040550819 0.1003386
0 0.24165422 0.084580162
0 0.27143395 -0.12660708
0 0.18693038 -0.13569645
0 -0.082599299 0.044206251
0 0.001460071 0.1425177
0 -0.10502463 -0.13605771
0 -0.15314916 0.27369915
0 -0.23169707 -0.1264056
0 -0.11664993 0.14510494
0 0.11492228 -0.065674112
0 -0.28156101 0.032480273
0 0.13939023 -0.16582918
0 0.042437426 0.097564793
0 -0.25733026 -0.027194053
0 0.13689339 -0.11739097
0 -0.25182828 0.063160212
0 0.22665668 -0.095681856
0 -0.16989436 -0.0052610503
0 -0.079200763 -0.069792518
0 0.033909363 0.15173658
0 -0.15729548 -0.017852708
0 -0.19444484 0.090876233
0 -0.045842898 0.12391078
0 -0.001872747 0.24734651
0 0.1953398 0.049615729
0 0.11076998 -0.24136785
0 0.061871605 0.0080811468
0 0.11643486 0.28138169
0 -0.24172239 -0.18822533
0 -0.16900258 0.0032130305
0 -0.072086293 -0.18917937
0 0.26299164 0.0041482316
0 0.17180482 0.029357125
0 0.19568819 0.19625094
0 0.065339287 0.27372452
0 0.055106215 -0.027999159
0 -0.087287659 -0.15130197
0 -0.21839943 0.20353099
0 0.30663669 -0.026864724
0 -0.16881113 -0.021558491
0 -0.096177331 -0.059368481
0 0.12240567 -0.015701575
0 0.30296612 -0.036972241
0 0.088803801 -0.28432154
0 0.066461636 -0.034565799
0 0.30504618 0.068954037
0 0.14447549 0.24866095
0 -0.23286537 0.019767726
0 -0.21149681 0.082804913
0 -0.18238073 -0.12195007
0 0.1987594 0.18802133
0 -0.057189462 0.2361764
0 -0.19197222 0.17071794
0 -0.26032802 0.019020831
0 0.09918439 -0.033732914
0 0.10482499 -0.21287245
0 0.032904209 -0.28386733
0 -0.11169895 -0.2161898
0 -0.10311584 -0.25829117
0 -0.10745359 -0.09816371
0 0.040470666 -0.26313657
0 0.023990982 0.19951691
0 -0.18915285 -0.023932027
0 -0.15987024 0.20773132
0 -0.10742843 0.26249633
0 0.11450001 0.28511798
0 -0.19973367 0.045972395
0 0.046437932 -0.19426536
0 0.10286759 -0.037912486
0 0.10479971 0.20450938
0 0.19973752 -0.22732439
0 -0.2560805 0.1660879
0 -0.015388795 0.0067601602
0 0.24160089 0.073647384
0 0.25242901 -0.077240058
0 0.15247821 0.034221766
0 -0.085233858 -0.29262299
0 0.2089334 -0.23278273
0 0.27794608 0.085035909
0 -0.27105409 -0.14292695
0 -0.028423288 -0.0014088729
0 0.033939136 0.041244816
0 -0.13274726 -0.2674073
0 0.029205153 0.025936033
0 0.052330105 0.071838764
0 0.14001022 0.10579164
0 0.070486195 0.24835588
0 0.12262588 0.24311288
0 0.18181919 -0.23736389
0 -0.15109548 -0.17755582
0 -0.002991691 0.25467884
0 0.0030347181 -0.049644994
0 -0.062386902 0.28179391
0 -0.27839775 0.14296851
0 0.0857431 0.22287393
0 0.29036843 -0.098646759
0 0.16240202 -0.19593914
0 -0.18119745 0.047599386
0 0.22198403 0.044668169
0 0.19123907 -0.19227287
0 -0.23245791 0.089557592
0 0.27655722 0.15331285
0 -0.20049187 -0.11834785
0 -0.097202895 0.27802934
0 -0.17437128 0.032545714
0 0.10642538 0.073460497
0 0.091720441 0.097336217
0 -0.0037159126 -0.096951
0 -0.013893852 -0.2100788
0 0.040057316 -0.27286547
0 -0.22266281 0.17609189
0 -0.045878776 0.2007203
0 -0.098266045 0.27974995
0 -0.26673399 0.16800178
0 -0.2981883 -0.096956876
0 0.072764066 0.2176967
0 0.035710139 0.011071078
0 -0.2775547 -0.010485646
0 -0.18102261 -0.1637735
0 -0.026146948 -0.25603185
0 -0.086316787 0.11476316
0 -0.037108099 -0.30415166
0 0.24899658 0.1373086
0 -0.18805789 -0.14329229
0 0.21207261 -0.19606927
0 0.08122182 0.069346994
0 0.19952319 0.19350275
0 0.13072753 0.084553871
0 -0.10410487 -0.26678105
0 0.095698565 0.14647353
0 -0.2418803 0.16581073
0 -0.15643456 -0.2067093
0 0.24139633 0.167836
0 0.0787344 0.06517924
0 -0.1879504 -0.052223695
0 -0.029189951 -0.078641206
0 0.037266461 -0.11448227
0 -0.076403141 -0.050472254
0 -0.039359643 -0.16956833
0 0.080919933 0.024338319
0 -0.23501859 0.011555284
0 0.16929227 0.13903252
0 0.17683021 -0.11089285
0 0.25447996 0.0099411255
0 -0.095281866 0.28140807
0 0.18135904 0.10021485
0 -0.12485717 0.22126026
0 0.061914161 0.25779211
0 0.20926353 -0.016299394
0 0.11745206 0.098162362
0 0.096749532 0.15562193
0 -0.27797599 -0.060724527
0 -0.13135443 -0.17222693
0 -0.27080055 -0.132042
0 -0.16263586 -0.18216136
0 -0.098333393 0.078547607
0 0.12167786 0.12369061
0 0.13655704 -0.13554591
0 0.2123066 0.16897948
0 -0.030974132 0.081354258
0 -0.18331987 -0.25522436
0 -0.096292316 -0.23691778
0 0.25335904 0.022209502
0 0.16927079 -0.038273995
0 0.001132339 0.18709386
0 0.24364615 -0.14593601
0 0.099459602 0.0091070321
0 -0.13102743 -0.14718136
0 0.25613837 0.071883902
0 -0.25473007 0.16373701
0 -0.21827328 -0.14933072
0 -0.017701468 -0.21013012
0 -0.058279716 0.13501512
0 0.09760776 0.057741741
0 0.14769754 -0.18661297
0 0.23298344 -0.15039133
0 0.039144352 0.052721084
0 0.15566253 0.16435363
0 0.069852539 -0.061862399
0 -0.077339711 0.11395136
0 -0.1801599 0.12714016
0 0.094077555 -0.12561876
0 -0.27130195 0.15656314
0 0.050167392 -0.11885349
0 0.14496811 0.093736784
0 -0.058105679 -0.025959916
0 -0.042326649 0.08182751
0 0.21034505 -0.0061032132
0 -0.018167694 -0.19943252
0 -0.19052535 0.15538794
0 0.057081412 0.11624491
0 0.26196316 -0.11682505
0 0.031256082 0.012363245
0 -0.002865277 0.30017545
0 -0.020360136 -0.034399143
0 -0.21712082 -0.10348458
0 0.19215741 -0.018354707
0 -0.25694925 0.16161758
0 0.057691354 -0.10864793
0 -0.059735286 -0.20344139
0 -0.016465808 0.13959343
0 0.14204222 0.19601638
0 0.018753069 0.086040864
0 -0.18175488 -0.12115095
0 -0.028799816 -0.21373704
0 0.05527344 -0.14987521
0 -0.067205157 0.20830196
0 0.046700268 -0.0064352949
0 0.1490542 0.11464108
0 -0.036394194 -0.26669537
0 0.08342942 -0.20708286
0 -0.0071007146 -0.058579481
0 0.038546654 0.031470754
0 0.081329407 0.065664974
0 0.047695016 0.082548501
0 -0.20296125 0.24100176
0 -0.064201726 -0.24857896
0 0.19743184 -0.040676151
0 0.029061705 0.23595948
0 0.27477066 -0.12649306
0 -0.28904169 -0.063636484
0 -0.046486955 -0.092304401
0 0.057724673 -0.013138632
0 0.032037483 0.28403995
0 0.14980485 -0.19319185
0 0.24317166 -0.18103373
0 0.064620751 0.1209557
0 0.054801334 0.023538098
0 -0.20871638 0.05809875
0 -0.14273858 0.15113974
0 -0.087137831 0.085124541
0 -0.053205858 0.01904663
0 0.010419506 0.20177239
0 -0.15073486 0.14335924
0 0.049747434 -0.26348963
0 -0.22349179 -0.01901887
0 -0.23006811 0.0089301087
0 0.18129876 0.15830341
0 0.013912354 0.17303644
0 -0.11876435 -0.02121325
0 -0.019475192 0.045481055
0 0.27852256 -0.064450168
0 -0.14813442 0.18466917
0 0.057168796 0.2670565
0 0.18894823 0.15009875
0 0.2876818 0.10328664
0 0.20219031 -0.11190157
0 -0.15097324 -0.019233657
0 0.12423352 -0.17439124
0 0.12238045 -0.11942059
0 0.05979572 0.18189567
0 0.20016095 0.11633686
0 0.011977762 0.28644292
0 0.15336742 0.20367924
0 -0.017989555 0.16462126
0 0.11646326 0.17576946
0 -0.13612253 -0.074710841
0 0.2751788 0.11859803
0 0.23253643 0.18189824
0 0.2548832 0.050154063
0 -0.066231577 -0.075052521
0 -0.11825802 0.12538284
0 -0.1551961 0.1367213
0 -0.076447322 -0.20259622
0 -0.28752089 -0.001665218
0 0.087615608 0.12254651
0 -0.18938286 0.1554285
0 -0.27304517 -0.071150265
0 0.014755068 -0.23767183
0 0.16201411 -0.011818839
0 0.21701569 -0.22700495
0 0.16525316 -0.21103658
0 -0.012297829 -0.28455537
0 -0.046525273 0.2111285
0 -0.10617 0.094884886
0 0.15150967 0.045164672
0 0.30749284 -0.029793697
0 -0.023662335 -0.030493054
0 -0.023955636 -0.25505194
0 -0.039607314 -0.14046398
0 -0.11583898 0.26981059
0 -0.019060918 0.2571598
0 -0.19767553 0.23753637
0 -0.23283141 0.023645696
0 0.257573 -0.1107251
0 -0.12903917 -0.051240825
0 -0.22496452 0.16967432
0 0.058576487 -0.017221846
0 0.1489083 -0.08687002
0 0.19852967 -0.24290783
0 -0.043656702 -0.12850804
0 -0.13549471 0.22143709
0 0.093299631 -0.079442621
0 0.081587944 -0.2448123
0 -0.24631725 -0.060953634
0 0.010654152 0.21002605
0 0.017956866 0.053814927
0 0.02215723 0.22515888
0 0.073947403 -0.0037385246
0 -0.0054772755 0.055365537
0 0.0034261255 0.05922388
0 -0.20078672 -0.11302725
0 -0.13050431 -0.146197
0 -0.022431198 0.25182879
0 0.087948961 -0.09637678
0 0.093942347 -0.16514549
0 -0.015658775 -0.0064753692
0 -0.30627253 -0.074871095
0 -0.0044725521 -0.068204125
0 0.0013453753 0.014680073
0 -0.23349114 0.12353207
0 0.057723702 0.14772206
0 0.13367809 -0.094483046
0 -0.060577214 -0.096847685
0 -0.034440903 0.26287158
0 -0.16274545 -0.095244103
0 0.041547949 0.23915677
0 0.002028357 0.083183038
0 -0.16388317 0.031366055
0 0.1417979 0.019604706
0 0.056478243 -0.11754058
0 -0.08541704 0.1089562
0 0.18571355 -0.1503182
0 -0.014287208 -0.14679562
0 0.077630355 -0.25841001
0 0.012355258 0.28724301
0 -0.093699342 -0.26095061
0 0.10966749 -0.047822061
0 0.14917891 0.15636465
0 0.027428543 0.31379424
0 -0.25859576 0.16728167
0 -0.10729263 0.00094428496
0 -0.1551515 -0.15786727
0 -0.27174863 0.0329102
0 0.08997246 -0.29535979
0 -0.26667285 0.12505519
0 -0.26254072 0.038460515
0 0.18789564 -0.13892362
0 0.1217558 0.21164974
0 0.02775748 0.097127906
0 0.0061670446 -0.076428264
0 -0.26073531 -0.13183666
0 0.072803543 -0.17410203
0 -0.045707661 0.31026282
0 0.11870801 -0.227863
0 -0.10977709 -0.094391644
0 0.21993724 -0.029323144
0 0.060427737 0.08436338
0 0.062492769 -0.15959571
0 -0.04843059 -0.073148751
0 -0.017407731 0.12290861
0 -0.0008912019 0.30622653
0 -0.14177411 -0.03638139
0 -0.20494275 -0.15986134
0 -0.10394159 -0.29814259
0 0.044699992 0.10473127
0 -0.27306369 -0.12254103
0 -0.24960161 -0.0042347733
0 -0.2974562 0.085259845
0 -0.081824086 -0.18492437
0 0.12496818 -0.013474208
0 0.24068873 0.10605719
0 -0.010828865 0.040880921
0 0.13613036 -0.032204267
0 0.10921271 -0.28269827
0 0.21306696 0.15461922
0 0.024798307 -0.07676655
0 0.25582367 -0.10106962
0 -0.064946662 -0.30031076
0 -0.09773926 0.15655947
0 -0.24178392 -0.17536748
0 0.22356289 -0.027002386
0 0.12070393 -0.033204721
0 0.057080767 -0.25165304
0 -0.26001321 -0.10836557
0 -0.25081835 0.15486006
0 -0.0042386816 0.0073977218
0 0.021437471 0.20305547
0 -0.013119278 0.15815802
0 0.12121196 0.050884517
0 -0.11464489 0.22432746
0 -0.17559406 -0.077548044
0 -0.055115727 0.073587588
0 0.25986007 -0.058590578
0 -0.2394192 -0.11892797
0 -0.039181968 0.31210392
0 0.106504 -0.17981625
0 0.077179431 -0.14684063
0 0.2342314 -0.11973408
0 -0.077498493 -0.058126499
0 0.19847896 -0.13975514
0 -0.018561021 -0.18094486
0 -0.12955659 -0.11791831
0 -0.022883639 -0.13752273
0 -0.076424973 0.19701182
0 0.032416214 0.26051728
0 0.055123606 0.204765
0 0.086729898 -0.13879806
0 0.25619964 -0.097020021
0 0.22524114 0.064094436
0 -0.10291696 -0.14747269
0 -0.25951135 0.13174804
0 -0.030391243 -0.2253716
0 -0.19360743 0.21996428
0 -0.12455198 -0.057600699
0 -0.26716042 -0.0013901123
0 -0.086041315 -0.1812127
0 -0.25448505 -0.040229596
0 -0.26917674 -0.13252199
0 -0.21163952 -0.14559657
0 0.20675534 0.23134908
0 0.037555132 -0.019477923
0 -0.25220396 0.03945952
0 -0.025137685 -0.31356561
0 -0.17231658 0.12561567
0 -0.087153719 0.1399375
0 -0.080241164 -0.25752455
0 0.15617845 0.18960972
0 -0.007484501 0.091701003
0 0.25341972 0.053863244
0 0.024612281 -0.25292532
0 -0.13454465 0.20660427
0 -0.23802721 0.17668625
0 0.23068251 -0.18031385
0 0.046077789 0.30774232
0 0.092456532 -0.094633297
0 -0.018015829 -0.28104979
0 -0.23699957 0.12823727
0 0.07010839 0.12845579
0 -0.1308736 -0.1966688
0 0.067685983 0.23780936
0 -0.040857799 0.20088818
0 0.050794325 0.25469842
0 0.067406334 -0.029573024
0 -0.084325406 -0.060270218
0 0.041926306 0.27561106
0 0.20565591 0.2295584
0 0.10886112 -0.032218063
0 -0.0061573682 -0.12472664
0 -0.11832471 0.11542602
0 0.010812008 0.098899847
0 0.066224511 0.061554843
0 0.066095156 0.2660128
0 0.087316457 0.1906438
0 -0.19883258 -0.040639744
0 -0.0052392546 0.21684201
0 0.16589092 -0.10709273
0 0.14646606 0.074557794
0 -0.16032323 -0.062689171
0 -0.14029359 -0.22853758
0 0.051031793 0.16087383
0 -0.12228416 0.12991272
0 0.080660693 0.23416881
0 0.017479465 -0.15845819
0 -0.2980702 0.053620752
0 -0.026912149 0.2529616
0 0.29875413 0.092210424
0 -0.037620663 0.13324219
0 -0.16827422 -0.010966004
0 -0.23517397 -0.076883367
0 -0.025237873 -0.3028773
0 -0.20612293 0.071814515
0 0.26094251 -0.13857846
0 -0.16288484 0.22640128
0 -0.26205479 -0.10002984
0 0.1992761 0.10734093
0 -0.03920806 0.011666059
0 0.14596663 -0.24271254
0 -0.053318767 0.10384847
0 -0.031407845 -0.20464345
0 0.14982324 -0.19737697
0 -0.060254111 -0.20421014
0 0.059910492 -0.26143596
0 0.15699927 -0.13997271
0 0.0044940824 0.17796913
0 0.1300077 -0.148786
0 0.16276287 0.080933998
0 0.1234163 -0.076971051
0 0.069029401 -0.21443753
0 -0.0020436377 0.24653428
0 -0.25517509 0.15222804
0 -0.12855143 0.13374638
0 0.082390272 0.066158237
0 -0.020953888 0.21483917
0 -0.12324145 0.045386019
0 0.060681841 -0.2697613
0 0.17804984 0.13924393
0 0.0028043448 -0.16824003
0 -0.091049304 -0.075872592
0 0.30168121 0.085141161
0 0.25051881 0.043706228
0 0.28311251 0.13073563
0 0.26592897 -0.098809975
0 -0.26257476 -0.040833572
0 0.25951249 0.1620807
0 0.17395967 0.23667046
0 -0.18335941 0.075525396
0 0.19713323 -0.18032956
0 -0.19909864 0.22284472
0 0.15138291 0.088906278
0 0.032611519 0.031087334
0 -0.21236168 -0.15343472
0 -0.050259393 -0.019605011
0 -0.0054813058 0.011900973
0 0.086078252 -0.18722658
0 -0.16838767 -0.1573839
0 0.12037291 -0.18060757
0 0.1659577 0.22099822
0 -0.026750184 -0.023731161
0 0.27500947 0.013181878
0 -0.2837087 0.0013995396
0 -0.11492357 -0.12880089
0 -0.18840872 -0.14316763
0 -0.02008614 0.1318959
0 0.2496112 0.034016022
0 0.099700021 0.20602492
0 -0.130767 0.097425132
0 0.28737879 -0.053542968
0 0.11587838 -0.12450738
0 -0.09372053 0.19892196
0 -0.083132089 -0.023916711
0 -0.14411695 0.10584035
0 0.29232527 -0.022371036
0 0.12164478 -0.070102453
0 -0.06266518 -0.092080815
0 -0.08710304 0.24253488
0 -0.075898557 0.26878001
0 -0.15162477 -0.17458651
0 -0.051427761 -0.16629241
0 0.12554325 -0.1606283
0 -0.11307921 -0.091044946
0 -0.19931836 0.050530244
0 -0.13889902 -0.053913859
0 0.042777951 0.036996258
0 -0.014570387 0.010856519
0 0.17477479 -0.038438262
0 0.14179112 0.071147553
0 -0.07026494 -0.20822407
0 0.2136841 0.2304167
0 -0.24945456 -0.14389881
0 -0.098814343 -0.045006038
0 0.147108 0.0957415
0 -0.21248964 0.051963136
0 -0.052337883 0.18604524
0 0.14877058 -0.172651
0 0.15501458 -0.039714653
0 0.10173974 0.28944334
0 -0.25953269 0.13932612
0 0.26840843 0.15323506
0 -0.23261029 -0.21110899
0 -0.20180726 -0.15580673
0 0.17154226 0.030316858
0 -0.040820488 0.15955997
0 -0.050996689 0.037827915
0 -0.23712381 -0.0042639833
0 0.024746389 -0.052755273
0 0.033570559 -0.2780194
0 -0.23014596 -0.14944208
0 -0.28137197 -0.097389682
0 0.031652558 0.13103357
0 -0.13412677 0.08071241
0 0.0048203112 -0.078618494
0 -0.1502726 0.10228333
0 0.041985284 0.11597842
0 -0.025868786 -0.28638722
0 0.16488275 -0.24423039
0 -0.060734632 -0.14476146
0 -0.17409516 -0.13751611
0 0.20333247 0.12722671
0 0.091106995 -0.22868042
0 0.17997642 -0.045007625
0 -0.19328898 -0.13764199
0 -0.16104144 0.24597639
0 0.019232553 -0.060856864
0 -0.12758034 -0.089909071
0 0.1608892 -0.165427
0 0.19620885 -0.15523451
0 0.22697094 0.073072935
0 0.018689163 0.17383823
0 0.05412736 0.084947602
0 0.18582906 0.1247217
0 -0.020845404 -0.089870489
0 0.19675107 -0.18409465
0 0.079619188 -0.27547726
0 -0.10920259 -0.0029795982
0 0.06897125 -0.20509142
0 -0.02644251 -0.12588291
0 0.18443213 0.13249387
0 0.22776051 -0.1629846
0 -0.010757938 -0.29308489
0 0.13215511 0.27025115
0 -0.1734171 0.19160676
0 -0.29350438 0.10174261
0 0.1923325 0.18005311
0 -0.014466319 -0.021480331
0 0.1645128 0.27004306
0 -0.20338509 0.20185198
0 -0.027896868 -0.031688627
0 0.12037678 0.16109532
0 -0.12548654 0.036506277
0 -0.2532567 -0.169941
0 0.11310807 -0.25816947
0 0.21014191 0.019712191
0 0.0091106256 0.17956238
0 -0.023080737 0.25221201
0 -0.2280758 0.15890546
0 -0.22828346 -0.17185733
0 0.10205826 0.16879688
0 0.072893382 0.079028445
0 -0.14260123 0.12917366
0 -0.11604388 0.065759483
0 -0.081988047 -0.17491652
0 0.045369031 0.18972849
0 -0.0056391435 0.14892408
0 -0.28531644 0.053352475
0 -0.10274023 0.16275424
0 0.060157556 0.30025402
0 -0.10617084 -0.1557206
0 0.068336884 0.11985614
0 0.19431242 -0.23183375
0 0.27114743 0.15801394
0 0.17487474 0.0020177953
0 0.10754438 -0.056373959
0 0.17674084 0.172685
0 -0.13406443 0.23759738
0 0.24825062 0.19547298
0 0.28181971 -0.075008545
0 -0.0044385472 -0.11487762
0 0.2588621 0.081115859
0 0.12468315 0.18737877
0 -0.26499285 -0.01589993
0 0.046768684 -0.11308196
0 0.13621566 0.01930547
0 0.0038316872 -0.30562379
0 -0.20920358 -0.12346178
0 -0.035961504 -0.059830816
0 0.040715808 -0.05002529
0 -0.15931185 0.083573133
0 -0.098987786 0.12519136
0 0.013909973 0.013193086
0 -0.02906711 0.22325102
0 0.098102413 -0.096279464
0 0.27199022 0.15338794
0 -0.14250935 0.2193477
0 -0.24455786 0.1981788
0 -0.19707917 -0.12319818
0 -0.10073505 0.20393304
0 -0.17850846 0.091373531
0 0.072852548 -0.024014336
0 0.1865614 0.14212849
0 -0.056997671 -0.21533618
0 0.070295717 0.00078342878
0 -0.03646683 0.15347523
0 -0.25515124 0.18227501
0 -0.26503139 -0.067794031
0 0.023523149 -0.012489743
0 -0.16226052 0.12504162
0 0.26279626 0.012469521
0 -0.2302657 0.16271657
0 -0.095883583 0.10747378
0 0.015508983 -0.086416754
0 -0.11346091 0.015648072
0 0.29371302 0.056140592
0 0.18502835 0.08460088
0 -0.0049455434 -0.020118439
0 -0.22236395 0.13260281
0 -0.10541734 0.022530431
0 0.27351006 0.10795491
0 -0.30744421 0.051421877
0 -0.11860462 -0.28394398
0 -0.094407432 0.017386718
0 0.19927018 -0.083889988
0 -0.0066450832 -0.30930168
0 0.14017285 -0.27803805
0 0.29359217 0.03647063
0 -0.1820496 0.028588387
0 0.20219939 0.096723199
0 -0.095678206 -0.04859476
0 -0.0014688342 -0.28821713
0 0.2482535 0.11280603
0 0.27597724 -0.040172095
0 -0.25988173 -0.10308761
0 -0.12550675 0.25987939
0 0.10513273 0.29665421
0 -0.21843567 0.017441479
0 -0.023815237 0.29130178
0 0.010430537 -0.10285495
0 0.21470422 -0.099816488
0 -0.09371777 0.017258547
0 0.082923094 -0.25634925
0 0.27397869 -0.15205599
0 0.088136249 0.078289255
0 -0.14925564 0.24631257
0 0.13933429 0.0067254656
0 0.20586183 -0.14875461
0 -0.015950053 0.27224151
0 0.16828922 -0.24197136
0 0.0081920971 -0.24056869
0 -0.020505662 -0.1794747
0 -0.17723729 0.15663189
0 -0.02207198 0.30641767
0 0.18688646 -0.18594326
0 0.13028889 0.098247143
0 -0.048087409 -0.16733156
0 0.23344215 -0.14328042
0 0.12529189 -0.26064573
0 0.25059265 -0.15834509
0 -0.11286383 0.2634765
0 -0.13426058 0.0626703
0 0.030811853 -0.17656166
0 -0.072690618 0.12437781
0 0.015944716 -0.23597752
0 0.050023613 -0.20004034
0 0.0049718197 -0.24589434
0 -0.11187935 0.21226278
0 0.058732495 0.051562421
0 -0.021248499 -0.064381199
0 0.27815881 -0.073324816
0 -0.24839347 0.061935263
0 0.2155417 0.21055147
0 0.1694057 -0.059370232
0 -0.032725375 -0.10652501
0 -0.30444215 -0.058615597
0 0.27306524 -0.10879732
0 0.15284797 -0.24448205
0 0.063076679 -0.28722145
0 0.098028782 -0.17626687
0 0.17153449 -0.19816723
0 0.19530776 0.0077959371
0 0.080193522 -0.031626999
0 0.22389095 -0.037924705
0 -0.14258069 -0.26924518
0 0.23101483 0.090734163
0 0.041358446 0.087874697
0 -0.14540654 0.28013864
0 0.15287573 0.036199963
0 0.060084629 -0.29831835
0 -0.049800545 0.19098415
0 0.2564439 0.06432925
0 -0.15553211 -0.13673263
0 0.25450794 0.12609593
0 0.057220543 0.28214786
0 -0.24757356 0.15075402
0 0.20235471 -0.13287392
0 0.27476551 -0.015980829
0 -0.045599712 0.29632398
0 0.19607087 0.13029677
0 0.16256037 -0.049421191
0 -0.26727333 0.0088191407
0 -0.068004415 -0.26373271
0 0.18808234 -0.10385355
0 -0.16877216 0.23980754
0 0.21479816 -0.023254518
0 -0.23553318 -0.063454789
0 0.11694042 0.18044282
0 0.22141608 0.20400753
0 -0.10098274 0.02715715
0 -0.083151491 -0.0023322578
0 0.28438807 0.050124336
0 0.16230853 0.1440158
0 0.036061215 -0.08829554
0 0.28592332 0.11660589
0 0.10038419 0.037085682
0 0.19800568 -0.23730728
0 -0.17598149 -0.14772557
0 0.018905957 0.22880423
0 -0.2052835 -0.13092159
0 -0.2587198 -0.077005784
0 -0.069991655 -0.048171319
0 0.25904147 -0.016187339
0 -0.14744814 -0.029800113
0 -0.2275646 0.039647276
0 0.040661475 -0.034821583
0 -0.071354153 -0.064737156
0 -0.18542799 -0.029890452
0 0.023910619 0.16712387
0 -0.12466404 0.17664353
0 -0.23626515 0.15574113
0 0.30376389 -0.044337269
0 -0.21357792 0.03735901
0 0.10906635 -0.17809442
0 -0.0021290358 -0.19332632
0 -0.075400987 -0.17221852
0 0.076807133 0.11565094
0 -0.12444476 0.067748355
0 -0.18711329 -0.11738778
0 0.15778716 0.11571229
0 0.20835935 -0.066444734
0 -0.042435231 0.19478124
0 -0.17116653 0.068252432
0 0.088110972 -0.024339522
0 0.17852904 0.02373261
0 -0.25859705 -0.10500528
0 -0.21949419 -0.019509022
0 -0.018148303 0.1346805
0 -0.25441027 0.16283497
0 0.15648498 0.091598789
0 0.28734877 0.080109431
0 -0.11917547 -0.25620201
0 -0.22796079 -0.036880092
0 0.045341728 -0.0758144
0 -0.094672263 0.28128242
0 0.21212949 -0.11422923
0 -0.24665713 -0.10995734
0 -0.039656996 -0.1014957
0 -0.11416691 -0.18930401
0 0.19646675 0.21681947
0 -0.0069993159 0.19650636
0 0.24531809 0.17100308
0 0.078726488 -0.15611711
0 -0.058154539 0.15784909
0 -0.061102346 -0.2306656
0 -0.16966941 0.10026802
0 -0.10064455 -0.11997765
0 -0.13571225 -0.20916913
0 -0.26762082 -0.025480482
0 -0.041343959 -0.20624063
0 -0.20775625 0.052893548
0 0.1478469 0.20744057
0 0.18782726 -0.073415434
0 0.22034393 0.033987124
0 -0.10014111 -0.089051387
0 -0.12482311 -0.18391547
0 -0.29051256 -0.036986966
0 -0.19002162 0.16583494
0 0.11914061 0.20983727
0 0.083976905 -0.18213571
0 -0.12436446 -0.15766214
0 -0.01699319 0.056268331
0 -0.24498997 0.079827014
0 -0.10880404 0.29664006
0 0.026966311 -0.27599308
0 -0.10031825 0.28648699
0 0.16592028 -0.081036886
0 -0.12433793 0.12660668
0 0.24822285 0.1306721
0 0.083959917 -0.010568015
0 -0.10401609 -0.015104408
0 0.27635282 0.12175676
0 -0.25163655 -0.042709593
0 0.28268699 -0.045202855
0 0.30110724 -0.077462446
0 -0.0015135647 -0.16389653
0 0.002142845 -0.22564959
0 -0.20755663 -0.22150433
0 -0.041198666 -0.28680245
0 0.099267761 0.2034116
0 0.031981784 -0.30706514
0 0.025757952 0.058535428
0 0.25575116 -0.17313481
0 -0.26723573 -0.020197385
0 -0.2234205 -0.056086659
0 0.15711089 -0.10600143
0 -0.061207569 0.11546111
0 0.029309641 0.064147129
0 -0.16443216 -0.26401981
0 -0.11892764 0.25053971
0 0.038363875 0.11549487
0 -0.024924865 -0.096384349
0 0.064788875 -0.022634836
0 -0.28275274 -0.039723939
0 0.09208134 0.040105604
0 -0.11368739 -0.0047945858
0 -0.088622458 0.29669559
0 0.031727568 0.17868802
