55317.438 -0.21088809 -0.062514699
93766.69 0.1377708 0.14729138
163167.39 0.17892727 -0.037105594
94271.577 0.14296214 0.18465583
1.3864319e+08 0.06267461 -0.025741797
156645.93 -0.09913964 0.15736609
86704.588 0.16397479 0.18061039
5935657.8 0.049434583 -0.090931597
51640.344 -0.10003801 0.27949351
210769.28 -0.17555947 -0.07562312
55066.87 -0.19280903 0.20224314
40817.288 -0.11310103 -0.17840122
505260.7 -0.075588684 0.14176711
129757.93 -0.2008668 0.12720401
140212.22 -0.1921856 -0.098195989
1602442.5 0.077689507 0.11319977
72067.832 0.075411101 -0.23181649
6.5994794e+08 0.052330162 -0.03453656
64508.603 -0.22029848 -0.18874567
171343.01 -0.084383447 0.16660048
161327.98 0.16529954 0.10750078
50359.874 0.21492352 0.038941399
69087.102 -0.25069052 -0.1031569
307847.52 -0.10264007 -0.16210525
281813.22 -0.13032366 -0.060770393
3532319.9 0.087951428 0.030290667
43787.832 0.036558843 -0.28842157
60545.07 0.17382313 0.24747101
308282.43 0.028991941 -0.17121268
3181006.8 -0.069828402 -0.053085283
950763.39 0.073486678 0.12105101
40024.297 -0.28871416 -0.058327902
40428.83 -0.29803749 -0.068023418
111252.12 0.14355501 0.12707818
80993.022 -0.23171768 0.091168857
43540.438 0.16166614 0.20504859
59633.171 0.21644774 0.068852222
30906.907 0.038570887 -0.24067981
167813.7 0.083836521 0.19956815
799246.27 0.074201713 0.082528192
56314.406 0.22483709 -0.086407847
103239.92 0.14426263 0.18208713
10637991 -0.086570497 -0.012095558
64410.643 0.24722463 -0.087124619
133487.93 0.15156854 0.12665563
189376.54 -0.21403831 0.03198259
66107.61 0.045415866 -0.25115004
18175.051 0.064178494 0.25398409
43199.644 -0.13809202 0.2267649
29597.823 0.20103607 0.21892746
75633.373 -0.01779428 -0.25354807
56011.236 -0.22134309 -0.16712253
3074948.6 0.1011083 0.025732532
257511.66 -0.069601445 0.17672807
62924.922 -0.074212839 0.29230653
290386.95 -0.096507022 0.14545725
91063.697 0.17785591 0.10607077
91677.985 0.22945211 -0.17909006
158338.64 -0.1025227 -0.16870087
158956.04 -0.080485425 -0.23304304
143815.14 0.14221966 -0.15282198
38664.926 0.29138923 0.10357967
1016643.9 0.12247285 -0.065992642
31630.375 0.28982629 0.065871416
5.0015743e+10 -0.045600548 0.0099711076
1492792.1 -0.084215454 -0.10191551
40346.688 0.24526251 -0.052707684
966745.56 0.16158388 0.011983604
244051.35 -0.033620781 0.12218557
147430.59 0.10494182 -0.16158831
6321.586 -0.11708197 -0.28454728
227304.39 0.013210935 -0.19219323
2494197.4 -0.021258766 -0.09298695
220750.15 -0.13792482 -0.066112861
2067471 0.089324382 0.10934486
75874.613 0.070572915 -0.24325477
65161880 -0.014771148 -0.066826651
103136.01 -0.15865868 -0.1733436
73914.923 0.16244098 0.16780201
427236.47 -0.054767982 0.18615338
287184.41 -0.057160691 0.2093649
325234.8 -0.053414427 -0.19254855
35558.154 -0.13982677 0.2649368
52679.169 -0.18391442 -0.13931739
8595.1448 0.12194103 0.25892489
236315.81 -0.1563909 -0.12657902
520948.48 -0.019603385 -0.15110054
2535370.3 0.090128367 -0.023683181
31168.223 0.1309397 -0.2226931
26979.003 0.20595016 0.20803703
36146.471 -0.22774732 -0.021712735
44465.213 0.24419467 -0.15100021
39759.949 -0.12412176 0.27075366
47186.734 -0.25292952 -0.0738937
2.9200328e+10 0.048267619 -0.015152489
108741.33 0.26215441 -0.10946304
25181.125 0.26855532 0.033595951
131875.45 0.10740913 -0.19740974
72003.429 -0.23140313 -0.059010481
255845.83 -0.098993226 0.21677958
61590.632 -0.13607459 -0.21558832
68922.388 -0.17551803 -0.20996317
120298.69 -0.094953006 -0.23533865
1537260.8 0.096767694 -0.094333562
70953.492 -0.080927649 0.29068674
153798.03 -0.11943309 0.18766922
230215.79 -0.095551199 0.22253602
56130.891 0.23084808 0.10607589
41534.956 0.069857386 0.28870243
27639.386 0.098308157 0.23037113
451887.5 0.06441189 0.079523132
47287.562 -0.13890318 -0.20668217
514020.48 -0.096966096 -0.059208566
660592.64 -0.17238355 0.050278021
56591.019 0.25147783 -0.11698231
150796.78 -0.2232951 0.010412205
125433.97 -0.1976905 0.14438223
99931.466 0.075730971 0.20534341
65101.745 0.014266468 0.21180357
1408382.1 0.087887321 0.082459334
134704.3 0.19782207 0.074502378
117079.59 0.1189092 0.16064555
56145.509 -0.20106197 0.20408286
2138.5001 0.0026364059 0.3132045
12626.759 -0.084113577 -0.2908047
15913.169 0.28367738 -0.045347522
236350.71 -0.13959508 -0.1458309
267503.5 0.16208693 -0.12423022
268211.93 -0.092336002 0.17618325
6488196.9 0.094381484 0.00099197147
150384.56 -0.092837958 0.23069056
505425.29 -0.15950059 -0.058585874
3.6229829e+11 0.028164638 -0.028664862
93234.686 0.057936246 -0.21444823
819323.52 0.010297398 0.15532124
42830.076 0.31335758 0.034174078
660007.33 -0.040256939 0.20296033
75308.055 -0.14733476 0.097647559
138350.49 -0.077621328 0.22607167
614790.02 -0.018298749 -0.18145501
30971.294 -0.10985927 -0.20494117
49961291 -0.035078401 0.061160694
27115.684 0.18721841 -0.16713856
462229.27 0.14756132 0.039937474
34185.852 -0.18788338 -0.19367274
28432.957 -0.26532582 0.027676804
25673.247 0.29962216 -0.051738223
500001.55 0.13257358 -0.12311108
252498.65 -0.13008367 0.089152655
35478.167 0.28658567 -0.068472238
61806.557 0.18012783 0.24377112
241875.33 -0.17718357 0.096659682
65159.955 -0.27101479 -0.068151497
23786.44 -0.24042345 0.17452474
12907354 -0.079869634 -0.017275699
95967.401 -0.029233897 -0.23006462
10134.009 0.16415046 -0.20988695
265853.04 0.14446414 0.098021752
71491.551 0.22938003 -0.024185359
92371.486 0.0081998308 -0.20267196
573490.23 -0.1215959 -0.12657371
496050.77 -0.027478847 0.20199287
84285.715 -0.087502292 -0.1889893
52458.174 -0.29449169 0.067829558
39183.614 -0.14701948 -0.19516733
77625.386 -0.16174792 0.22482063
51245.348 -0.09230162 0.26980006
19031.598 -0.059419687 0.2606789
1339375.4 0.068668501 0.098110005
44131.234 0.045788606 0.23937685
379780.27 -0.028690433 0.16992761
1479851.2 0.13968684 0.014360395
18605.812 0.29887214 -0.10218961
897702.8 -0.0081524539 0.14701512
260813.96 0.12919324 -0.13902341
23636.944 -0.08092443 -0.28478373
63801.676 -0.24045443 -0.14549935
308281.31 -0.12954988 -0.13675787
40538.885 0.28551803 -0.092569838
58748.759 -0.21356189 -0.15337957
69524.784 -0.17606466 -0.14717163
17700.602 0.21380496 -0.21243486
202059.64 0.0027814189 0.1870679
65795.317 -0.2161627 -0.18236891
915797.42 0.12738806 -0.038511001
430153.38 -0.07763945 0.18674881
238812 0.12543748 -0.18822716
221858.45 0.17234328 0.095852947
47966.744 -0.25908752 0.039683782
271169.46 -0.13811952 -0.013642177
58876.575 -0.22230833 -0.12719948
136643.68 0.18457336 0.068502655
9630.6073 0.050485247 0.25723245
48129.056 -0.2546108 -0.073838832
1957119.2 0.085638998 -0.055424767
418860.77 -0.1714554 0.065750156
329789.22 -0.074615875 -0.17876747
187922.06 -0.13668543 0.2030758
729855.63 0.10620495 -0.12139358
46149.834 0.20166497 0.15523795
1.4309935e+08 0.032334117 0.060170055
39839.529 -0.23675415 -0.20570367
173026 0.17290275 -0.10703889
829628.07 -0.10810011 -0.11220863
1193045 0.093820459 0.11569227
150837.97 0.082276235 -0.19162532
103122.93 -0.24375509 0.03567836
45305.077 -0.089743904 0.25118046
815670.08 0.12924322 -0.046714582
9270.3467 0.12580432 0.26971668
45835.204 -0.00083829765 -0.29191944
68516.548 0.2460997 -0.16705005
23007.175 -0.19139132 -0.2491711
53681.928 0.28650726 -0.01294144
175362.54 -0.18396595 -0.084249518
6450330.6 -0.074137469 0.036471905
84355.048 -0.24025259 -0.11572006
3776049.7 -0.046415458 0.08243832
1.1774924e+13 -0.010989211 0.018477325
2547658.4 0.085187116 0.096061223
364029.2 -0.041350611 0.13339738
5.0089375e+09 -0.04824787 -0.024989604
107287.33 -0.19603951 0.16834593
108219.5 -0.13113702 0.13487653
3923828.9 -0.097097914 0.033230046
55550.436 -0.22737899 -0.15946561
1338464.5 0.10957878 -0.090702907
98891537 -0.013682845 0.066969961
59186.834 0.15064587 0.16041428
723421.89 -0.053161055 -0.17654983
629924.74 -0.0090555346 0.16506727
553988.84 0.10668636 -0.12717054
47395.263 -0.28232942 -0.054642058
41379.265 0.069054707 0.21431923
558453.25 -0.1206135 -0.12899502
109381.57 -0.2285374 0.038916812
79335.177 -0.18616157 -0.12967418
166260.17 -0.023542573 0.12062733
241997.58 -0.098736926 0.18005796
58025.407 -0.17418416 -0.20614757
13443.059 -0.27817916 0.13965427
183847.12 0.16417824 -0.053871371
1310136.7 -0.091170347 -0.047300641
248153.47 -0.0024968365 0.18793059
64800.917 -0.21143563 0.21225114
114149.34 0.19327349 0.020585519
39495.851 0.31443794 -0.0070759307
1141126.2 0.1587436 -0.021383814
248163.91 0.059317752 -0.18680548
35570.572 0.26589388 0.10945321
815829.12 -0.14743381 0.027399959
3509777 -0.066225583 -0.10940341
353261.47 0.020582714 -0.18915116
139416.57 0.20144543 -0.053107334
279937.58 -0.16175242 0.069668785
40217.7 -0.18342842 -0.17572902
126153.63 -0.19396219 -0.12333111
34002.473 0.24865701 -0.12490047
44340.324 -0.27640315 -0.1126062
134778.02 0.08653363 -0.19499811
249396.74 0.032544164 -0.16173108
36836.743 -0.22621298 0.14856467
42598.163 -0.053596858 0.30777303
57885.766 -0.26250119 -0.066847178
454247.14 -0.16351004 -0.061885045
220261.78 0.16268205 0.053207114
32700.799 0.082548369 0.26865202
332923 0.17996921 -0.017543966
119244.75 0.0926442 -0.215324
29141.646 0.22279095 0.18737853
319581.24 -0.017658727 -0.19466068
47314.071 0.28779536 0.083992571
54859.384 0.30692017 0.073684834
62018.667 0.079515945 -0.24025858
53663.692 -0.14488325 -0.18448874
278767.91 -0.14025598 -0.10216775
23828.377 0.049782248 0.2999609
52067.38 -0.25852217 0.1206413
2282610.1 0.052239047 -0.10337709
18731.403 0.28634551 -0.033273404
30543.036 -0.027442293 0.28337913
16904.106 -0.13241508 -0.26332069
46189.354 0.22093418 0.035158223
98974.053 -0.24083908 0.111195
154537.5 -0.0888441 -0.24515965
383868.32 -0.069878457 -0.17887705
164759.95 -0.11569805 0.19108702
30260.79 0.23527273 0.11296027
30381.422 -0.078346314 0.24863525
959963.13 -0.093903955 0.11248846
96570.114 -0.032542212 -0.23640791
64332.041 -0.22033811 -0.12515356
83921.2 0.22282239 -0.17171411
147670.18 -0.081429195 -0.18736859
483496.14 -0.10361036 -0.05656026
133063.85 0.11134669 0.15482505
338880.07 0.0027557171 0.17772435
1.6889975e+08 0.067258325 0.0039152147
150185.97 -0.019789969 0.12318653
509464.49 -0.13157166 -0.10945977
13755.348 0.17576506 -0.199569
9636.9265 0.22893605 -0.21288825
56242.333 -0.10132847 0.25480691
39834.196 0.28779602 -0.090032316
35116.995 0.18793467 -0.24148983
128878.25 0.1946056 -0.083555452
689884.84 -0.016865674 -0.16883931
2731228.4 -0.053988864 0.086847731
110938.91 -0.15834536 0.20789042
56994.89 0.21636259 0.14639869
63799.755 -0.19780617 0.19353805
175090.81 -0.19527272 0.061003128
18545.548 0.042562599 -0.23254037
192459.08 0.081510426 -0.17694846
462693.63 -0.15673715 0.033558641
4.2177941e+12 -0.014008436 0.024081744
199179.23 -0.10049376 0.22656865
53542.821 0.28296952 0.13992033
67000.727 -0.038932939 -0.24174036
24931081 0.020649235 0.072443893
562205.08 0.1357183 -0.11851301
7370006.1 -0.082143127 -0.030439595
57643.711 -0.088370759 0.27815661
14453.868 0.031757075 -0.3063342
436714.89 0.072986232 0.13222082
24258.443 -0.018203957 0.27287205
11358.309 0.23758255 0.18450561
18943.292 -0.26952196 0.010750014
4260968 0.068309688 -0.067578157
17252.633 0.27009261 -0.14756198
1.3093669e+09 0.061116851 0.0013998246
4718935.2 -0.092399478 0.028651744
242858.5 -0.17282578 -0.070058165
1.7884418e+09 0.01638593 0.057652261
33214.469 -0.0065660009 0.25347401
11480.716 -0.036010299 -0.31150038
9.2804592e+11 0.02069254 0.030506736
57540.043 -0.19705563 0.20197949
40297.061 -0.23638432 -0.195372
137822.38 -0.091324811 0.16270067
390052.49 0.037561156 -0.18519707
40599.182 -0.2169038 -0.033891676
187006.92 0.078506417 0.19323815
328654.86 -0.14197177 -0.029513018
165322.95 0.093735002 0.16095179
33966.884 0.051952263 0.21092861
287407.38 -0.14458475 -0.11154535
677846.91 -0.080036434 0.13851144
287085.8 -0.031043034 -0.20343074
1276214.3 -0.058476026 0.10841499
37263.727 -0.23063322 -0.18687218
129116.89 -0.16944124 -0.14185353
10404.084 -0.082975943 -0.29587743
11559829 0.014569034 -0.082859278
22497.463 0.10525485 0.25432497
1794918.9 -0.035384856 -0.09996664
675043.97 -0.040612891 -0.15879422
2.3522511e+13 -0.005230604 0.015738536
147912.84 -0.082527225 0.15793664
309587.93 0.093307737 -0.15121043
117705.01 -0.074776361 -0.25934685
69325.652 -0.1277798 0.22260571
274800.13 -0.14758125 0.065541691
30624.446 0.2061405 -0.1291371
57993.146 0.046385322 0.23185468
586023.49 0.16869559 0.020874701
39166.56 -0.25859888 0.073845188
32173.552 -0.1162544 -0.2043365
8068.0213 -0.12262055 -0.28251144
41439.397 -0.15841734 0.23701393
59950.932 0.16702978 0.24568504
8923188.2 0.03524366 -0.081272017
47561.821 0.26479431 0.12461052
405866.12 0.092743135 0.051566358
200109.99 -0.1091245 0.2023085
536192.25 0.14481499 -0.056419175
35575.673 -0.16550767 -0.18815523
13040.25 -0.13737986 -0.2693856
274226.83 0.12505634 0.039484432
52275.19 -0.070305182 -0.28220052
505556.98 -0.0014144939 0.10399646
49109.589 -0.19713759 -0.065272187
65899.569 -0.25480136 0.10572977
312994.23 -0.06022391 0.18094493
273902.54 0.053407171 -0.18191527
366031.2 -0.11434077 -0.090387488
339788.31 -0.064928344 0.18384813
87001.741 0.13137941 0.17629461
65158.672 -0.25022598 -0.11600501
1262368.8 0.066305388 0.10045009
122375.77 -0.15441403 -0.16481422
81374.173 0.2357354 0.15041333
917405.85 0.059831119 0.093321279
85667.865 0.24433034 0.087714571
28622.456 0.1984899 -0.19453934
76931.088 0.24406387 0.14697827
609243.12 -0.054373967 -0.14186431
78446.142 0.048998752 -0.27290333
4885.911 0.04368504 0.27817463
1373767.6 -0.074847107 0.10551411
1259446 0.11097127 0.097341572
129419.07 -0.13679612 0.10042727
238129.9 0.16169626 -0.11761001
135256.92 -0.19045536 0.1536236
1.7947319e+12 -0.0077099705 -0.030567282
53528.587 0.17895019 0.25415737
28691.04 -0.27866604 -0.00086552859
46232.702 0.16050182 -0.17923779
39475.338 -0.1267116 -0.20074675
34966.895 0.064742136 0.21803658
677354.69 -0.056197332 0.12166974
29774.017 0.21110538 -0.20216248
128274.97 -0.15937454 -0.16003934
627985.99 -0.1483658 0.0017999082
606202.97 -0.17500773 0.0498723
49779.156 -0.21319258 -0.031053165
28571.882 -0.23214375 -0.17990641
35780.159 0.31344828 0.0034124439
8.2408083e+09 0.054491605 0.00946944
44738.386 -0.10883945 0.24706467
1358721.4 -0.085162965 -0.05084221
19228.303 0.2448968 0.12065732
33026.724 -0.13765786 -0.23418247
36872.537 0.17791592 0.19342781
3320966 0.087253996 -0.015342535
11490.775 0.053821595 0.25609798
747245.14 -0.05312432 -0.17286661
34983.233 -0.25543465 -0.15201984
1989562.7 0.095926877 0.10690749
245253.65 0.11379769 -0.18823443
120332.21 0.24399614 0.045127833
33119.174 -0.26144436 0.022340481
1069665.7 0.081907613 0.042855298
1202158.8 -0.092888358 -0.078362681
23756.26 -0.30554698 0.021726963
41924.274 0.18827586 0.16677423
114484.71 -0.1524634 0.19527381
576437.57 0.054051197 0.12658052
1.022953e+12 0.003499124 -0.034465753
45314.82 -0.13421158 0.28337685
30653.213 0.17934893 0.14895974
1.6425374e+11 0.040576175 0.0182233
19428.317 -0.16713811 -0.26650679
3657670.1 -0.052332487 0.070990997
2540.3378 0.004653706 0.30893936
1753481.9 0.060277979 0.063076311
87862.606 0.19152203 -0.0028166769
23009.041 0.27131338 -0.061277126
257777.8 -0.18320394 0.09681993
606292.99 -0.094240711 -0.05637084
135629.66 -0.11547392 0.1713245
8646717.9 0.0074062629 -0.086863367
10533.281 -0.079247467 -0.30043828
18964.401 -0.15607488 -0.26535401
68213.216 -0.011464591 0.22178173
129587.52 -0.18984453 -0.022699333
86642.529 0.13713581 0.18327651
610133.62 -0.0002260569 0.099709108
952260.62 0.06221803 0.11836576
119371.45 -0.20488983 -0.098316165
297681.96 0.13632982 -0.10488581
124841.28 -0.13918298 0.21382351
1522989.5 0.15496298 0.021321629
26926.417 0.29614603 -0.05429949
92490.122 0.23029148 -0.016285832
85217.252 -0.16865902 0.16920228
20853.699 0.16029281 -0.26106383
54206.579 0.30534103 0.070908851
1032087.3 -0.11073762 0.068977369
202966.24 0.16205718 0.10196178
1.4019589e+11 -0.042229054 -0.0048759214
81938.359 -0.20333627 0.053137552
2.090392e+12 -0.029946945 -0.0052462972
6584.5601 0.2816924 -0.13285743
141559.56 0.20473733 -0.070570609
28849.358 -0.0054802077 -0.30005432
598187.41 0.014400156 0.16208037
1.3572931e+13 -0.013383649 -0.013897467
83776.836 0.24297821 -0.17595334
974966 0.00064835674 0.15378422
27816.194 -0.17721555 -0.19471235
3.1747034e+12 -0.020547066 0.020587499
33705.992 0.25855756 0.022727491
1507789.5 -0.08253451 0.085492686
946366.71 -0.14162576 0.0036162913
123000.94 -0.20183827 -0.10024614
28037.398 -0.18286529 -0.18671303
29120.407 0.006548105 -0.2990143
57031.946 -0.038765203 -0.23281382
262411.47 -0.13155769 -0.15134399
67324.742 -0.090064662 -0.2629555
110286.33 -0.055594141 0.22707005
69262694 0.050331473 0.049261784
2.6714221e+08 -0.038329756 -0.050888872
2.1889515e+08 0.066177251 0.007721409
30392.729 0.20870711 0.1986255
573066.9 0.13642597 -0.12502958
98192.359 -0.26920632 -0.018408443
60154.706 -0.2529015 -0.099566117
302371.08 -0.0095279443 0.19150436
27589.286 -0.25923386 0.089174173
13644.074 -0.010085343 0.30694339
44462.275 -0.074069137 -0.28041971
82902.671 -0.1697057 0.16714969
443848.55 -0.14501421 -0.0054100903
897348.36 -0.047543378 -0.17032092
21977.885 0.26124851 -0.058475625
148201.61 -0.13348662 0.18948235
85951.942 -0.14564288 0.16091473
1125322.4 -0.12075806 0.045129441
49961.945 -0.1581701 -0.18464378
604926.17 0.085064464 -0.13677231
665821.37 0.14235684 -0.04403567
2352618.7 -0.086412265 0.073705191
41902.96 0.1973468 0.11949825
22113.757 -0.011391116 0.2984696
11607.426 -0.021151992 -0.30827528
54332.817 0.27092269 0.11238465
1.1003135e+09 -0.034479153 0.049551966
8077.7051 0.17585871 -0.24967904
763269.44 0.12925557 -0.057513078
244584.09 -0.15496101 -0.029865751
50386.263 -0.16367837 -0.20856527
59331.15 0.18969582 0.21630355
27569.471 -0.0049091869 0.27918232
55197.053 -0.093156372 0.26185341
45694.959 -0.29668 -0.08854297
1.2329204e+08 0.048623074 0.048358994
62451.278 0.22248562 0.072302854
1037087.1 -0.13761297 0.031541335
61347.931 -0.28806478 0.051755974
56028.947 0.035974785 -0.25124346
220037.32 -0.035931161 0.22329624
2759476.9 -0.069310475 0.07813486
5077.8583 0.04788588 0.27301852
10021830 0.031994609 -0.082626129
192209.62 0.051467786 -0.19724093
33815.922 -0.26190042 0.13986345
847997.92 -0.038256822 -0.18548343
80077.687 -0.19950175 0.17367839
76613.765 0.24268202 0.089999446
165465.81 -0.13698203 0.11663414
74206.599 0.20794177 0.040152838
50338.598 -0.20096816 -0.13898382
335287.51 -0.10040879 -0.1610582
144428.53 0.20409783 -0.06571421
18572.19 -0.27116248 0.0074524039
43833.065 -0.27162038 0.043087595
67996.064 0.19325108 -0.13291959
24730.278 -0.25153678 0.17334677
2969860.4 -0.050492743 -0.079586075
121460.08 -0.1996936 0.15979416
51640.991 -0.21115161 -0.060391577
7129608.6 -0.021816546 0.081324809
1331161.8 -0.089497756 -0.11085994
83185.077 -0.24691252 -0.013451641
18535.444 0.022505916 0.26891576
20394.194 -0.071290084 -0.29965714
8842.7614 -0.23757926 0.1947161
39136.112 -0.22395909 -0.0063208535
242878.46 -0.18042063 0.10358037
215985.59 0.15000113 0.072666855
49577.916 -0.26506643 -0.0055966012
15845.215 -0.10883228 -0.19501904
58578.303 -0.10580735 -0.22426203
25308.4 -0.02795452 -0.28371876
274728.09 -0.07896251 0.17351359
42487.52 0.20937221 -0.14573753
1727084.7 0.098777605 -0.039703644
28481.404 -0.26708693 0.12992357
38220.261 0.0083480913 0.27534892
157348.73 0.18865622 0.061507034
24664.496 0.2300544 -0.10197156
29656.418 -0.15766578 0.26443537
112990.04 0.18575135 -0.10600471
31720.002 0.032409869 0.25487998
71155.364 -0.28482367 0.054840466
38792.066 0.26111104 -0.17093885
323295.79 -0.0077433575 -0.1422124
25356.767 -0.22380775 -0.016113197
5.924293e+10 -0.00097057014 0.04769738
42838.594 -0.17795641 -0.17818084
59258.761 0.14859497 0.14397099
126864.57 -0.21793927 -0.076717967
959130.68 -0.11224133 0.058252982
322140.98 0.13229592 -0.093801734
51012.089 0.062257485 -0.22752766
49347.938 0.16943452 0.25508994
112295.76 -0.24126561 0.10045991
24491.272 0.28506102 0.040795118
76112.194 -0.11797425 0.23134402
291338.51 0.14792717 0.078920087
42050.784 0.0093372429 0.22158806
158835.8 -0.19586865 0.11174568
797871.98 0.12398203 0.09589311
56261.157 -0.1944797 -0.2194469
404921.63 0.026886069 -0.18944265
1.2746134e+11 -0.042852342 0.003641465
63445.8 -0.27477048 -0.10355695
1704013.3 -0.027915288 -0.095754153
121986.54 -0.023490022 -0.23432538
36192.144 -0.072333541 0.28229466
46216.738 0.086796315 0.23318676
2087426.7 0.094481102 0.10687371
120989.52 -0.20328418 -0.10253244
264859.74 0.15854291 -0.04889342
34037.715 -0.26659876 0.10653448
132913.53 -0.25556648 -0.028623729
239255.12 0.024509852 -0.16446529
109021.36 -0.21672452 -0.10054225
50141.956 0.21056411 0.1246481
4.4304531e+08 -0.036437281 -0.050328803
1401116.1 0.13843635 0.014570643
1483739.8 0.10283052 -0.10330314
186964.66 -0.16148476 0.099176545
9218.4105 0.22967959 -0.13345701
19731.969 0.13064504 0.22004699
62287.923 0.005673615 -0.23091861
35076.64 0.0061684691 0.27228495
60787.197 -0.1285385 0.1517291
6147929.2 0.061236782 -0.074806435
195239.4 0.058035538 -0.19939926
98938.928 -0.16283517 0.081708275
56461.935 0.18801701 0.22545473
365429.28 0.072069084 0.17416181
217459.84 -0.19375938 0.090969035
226307.33 0.14401378 -0.14363438
6396.483 0.14124756 0.28178151
24025.233 0.084058839 -0.3007169
25485.18 -0.14818232 0.14049768
6.5518087e+08 0.03851633 0.050351969
11367.429 -0.14958323 -0.25749991
22989.273 0.23815521 -0.14205849
747307.99 -0.11489527 -0.12059723
53123.618 0.078685866 -0.27789474
60849.094 -0.12924822 0.1549442
4.6514793e+13 -0.0053381559 0.0077120953
42372.385 -0.2152847 -0.040664142
36656.011 0.31335016 -0.013992411
64029.887 0.27661528 -0.012465545
124208.74 0.10896629 0.18063176
1023882.5 -0.03204063 -0.17710598
10748923 0.023880449 -0.086584411
717101.25 -0.031158826 -0.18858457
87888.552 0.26972579 -0.093610694
14577.622 -0.13939547 -0.26231484
2394591.5 -0.056200269 -0.089881144
36994.215 0.23594302 0.10788448
138866.68 -0.021171188 -0.21743136
44069.858 0.06475997 0.29223891
45269.185 -0.30137178 -0.077236377
76840.234 -0.1619696 0.15719
32200.713 0.22037367 -0.19891499
469708.29 0.15282985 -0.12266209
1.1004924e+10 -0.025174826 -0.045431911
232252.61 -0.17224434 0.024285218
105031.8 0.23513514 0.060742055
1830646.8 0.068561153 -0.10211149
181114.72 -0.14151158 -0.094924
69996.215 -0.059780936 -0.22952296
140084.42 0.18115862 0.074151488
189410.38 -0.10861755 0.18562799
83567.523 -0.21400669 0.14166431
1322395.1 0.1463061 0.026640931
52504.802 0.24954029 -0.011160823
10927.118 0.066670181 -0.30910217
532852.92 -0.10060494 -0.066535073
13085.916 -0.067558175 0.26539902
190968.97 -0.19292182 0.086004492
13396.569 -0.024231458 -0.30619414
235549.92 -0.1376575 -0.016659799
499274.45 -0.02027584 -0.1497378
22752.6 0.27553597 0.021286599
505119.31 0.16938525 0.012505443
85102.918 0.1319478 0.1634604
56465.518 -0.22397161 0.12852786
178185.28 0.1888432 -0.017550185
26000.714 -0.22323587 0.18480156
96327.92 -0.21312346 0.098434965
284102.92 -0.10111603 0.19960566
186153.36 0.097933096 0.17491237
1260829.8 0.12032601 -0.030833181
122460.03 0.21731349 -0.061540591
36069.443 0.0013605419 0.21969506
191811.84 0.11265277 0.14017875
2884104.7 -0.05828716 -0.097669308
9667.4069 -0.27296343 -0.14259062
70477.589 0.040562761 -0.26883451
12055.426 0.2919587 -0.11282346
5.4826376e+10 0.046251376 -0.01391896
424199.01 0.17618734 -0.020096097
2649.4203 -0.096951135 -0.29149968
3.6204761e+12 -0.027578712 0.00015654904
64078.099 -0.2386673 -0.14534412
18628338 -0.052631228 -0.051371365
128937.19 0.14539452 -0.095386536
113866.95 -0.16102933 0.17517046
3845868.3 -0.083572828 0.013243106
74951.528 -0.20779817 -0.20249828
38421.827 -0.069105712 0.28665857
2093237.3 0.0035412551 0.087616541
8130.2483 0.22951188 -0.12559725
323102.57 -0.07099004 0.20310902
63808.045 -0.27200028 -0.084445573
519612.62 -0.17787095 0.059278745
78391.194 0.10638971 -0.22461874
152988.67 0.13145192 0.14600832
38623.418 -0.13065915 0.22885787
15943.148 0.1731449 -0.23793815
617883.31 -0.17487103 0.0567233
102948.5 0.013538381 -0.24021732
66954.457 0.074430391 -0.23731486
1996817.9 0.087753695 -0.055550435
4399.4099 -0.092732875 -0.29084067
3.0428351e+13 0.013595625 0.0073782231
107350.64 0.099553512 -0.20136055
148357.67 -0.10575606 -0.1687728
47389.594 0.018457523 -0.29468764
8168886.3 -0.021288932 -0.07295081
45093.702 0.20281014 -0.22197621
504180.62 0.015045213 0.12826288
24176.793 0.091519269 -0.2809702
131961.19 -0.025197815 -0.23751575
18322769 -0.032203385 -0.065032609
28266.202 0.26849334 0.16037696
32255.211 0.24474096 0.021687274
39561.958 -0.27619194 0.072354865
61311.182 0.19091967 0.2114767
41603.368 0.15927881 0.25604309
454532.71 0.089722182 0.046657383
3.2781892e+13 -0.012139757 -0.00083444617
209478.47 -0.064127682 0.2116683
20169.364 0.076071254 0.26244009
8484.772 0.02458402 0.28659012
8628.2894 0.26172465 -0.044644283
160077.12 0.11533098 -0.19644002
15687.966 0.11303106 -0.29494684
942870.37 -0.023702147 -0.10806702
47231.546 -0.20897415 0.17967254
18867.893 -0.29037495 -0.11864178
36697487 -0.0696283 -0.0064190573
1448587.2 0.089020277 -0.10496168
33680.512 -0.0042826661 -0.29794866
194361.83 0.10009149 -0.1540653
50013.087 -0.27756632 0.044199542
15440.463 0.17937103 -0.24509178
98457.004 0.10646668 -0.21475894
53026.668 -0.012707607 0.24524276
13161856 -0.051881288 0.055194082
23554.581 -0.25059301 0.1705524
70871.24 -0.23134939 0.055763338
4361494.1 0.068842009 -0.068087312
37782.46 -0.21553153 0.18032447
847780.83 -0.11077587 -0.0032788517
23306.764 0.28196221 0.023282675
82529.73 -0.23147457 0.045993532
1017395.2 0.16343662 -0.014803459
32363.305 -0.020394356 0.30863932
401396.44 0.13321304 -0.13202766
294144.54 -0.16607188 0.06985434
407735.72 -0.04715283 0.21205953
97597.941 0.065545148 -0.26519062
24804.082 -0.2646578 0.16341997
6.4405595e+13 0.0040639748 0.0038676348
16203.222 -0.24764504 0.18523668
83965.484 -0.0061240031 0.2102863
46068.027 0.18560234 0.1093694
49297.375 0.1767554 0.13946265
200615.12 -0.17530067 -0.03890365
101450.48 -0.12494494 0.14166664
1268029.3 0.12442801 -0.01869707
58832.876 0.091877135 0.21336702
682668.08 -0.1365768 -0.0029243578
25752.975 0.20380194 0.23961993
51101.294 -0.2580136 -0.17666318
47638.34 -0.29279158 0.072090371
37525.37 -0.021172989 0.3006695
2.4323383e+08 0.065710442 0.0089619306
36240.817 0.30342613 -0.068742945
58576.187 -0.16687886 -0.21774686
12866.516 -0.26807345 -0.1440105
229159.41 -0.12153148 -0.16225614
15176.026 0.23428912 0.20262856
109253.03 0.17576758 -0.14863527
128686.72 0.16480111 0.067857163
78137.874 -0.065588083 0.23238027
4.7382679e+08 0.025778951 0.058870106
277200.93 0.041603016 -0.1524106
26569.339 0.048818019 -0.22410786
4.3526455e+13 -0.0073741635 -0.0052571266
196768.19 0.15058205 0.10691167
64651.674 0.24830588 -0.18461684
66204.627 0.16413703 0.16721715
93094.197 -0.10040258 0.23869318
107938.93 0.15741905 0.18168017
57910.507 0.018943024 -0.29182803
218042.35 -0.15135701 0.069160986
121283.47 -0.15056692 0.11433582
50596.116 0.17966955 0.25966074
62521.4 0.24453883 -0.07202457
1725421.4 0.018233605 -0.11165071
37228.966 -0.21908043 -0.044836134
446398.1 -0.00030710152 0.12863526
4.1456499e+11 -0.037328291 -0.0070572242
27056.906 -0.30413805 0.071750397
130076.86 -0.16858887 -0.12489123
128557.98 -0.19649307 -0.093544973
50655.431 -0.10429573 -0.21496926
58055.492 -0.19446537 -0.20850153
52639.975 -0.27663064 -0.057621334
66200.308 0.21844052 -0.1669384
2745720 0.096749643 0.029141015
208626.75 0.1681431 -0.067697454
3757525.8 -0.016067339 0.086838547
17546.857 -0.26815404 0.096777534
1050281.5 0.13896344 -0.029577391
1449321.6 -0.08947873 -0.087410693
137204.66 -0.19375923 0.03591414
8497888.9 -0.083965305 -0.0026249497
266945.55 0.059328151 -0.13918639
770063.77 -0.10829679 -0.1257609
166136.05 -0.084808712 0.16614062
291266.88 0.067233003 -0.18022397
9323.4386 -0.10073899 -0.27783815
340471.8 -0.088432028 0.20681179
8347.0782 0.27816271 -0.13505944
11485.862 0.040489389 0.31206426
814754.95 -0.096612044 -0.12905197
747642.27 0.093109878 -0.12723726
42426.846 0.095850888 -0.25425384
1053310.7 0.16276973 -0.014920344
1.8287072e+10 0.05186173 0.008715729
75871.78 -0.027740371 0.23991234
1327740.5 0.11369944 -0.084927004
100305.86 0.11432836 0.19119148
81425.87 -0.089657468 0.23780671
830493.66 -0.10316252 0.11075808
4.3501039e+12 0.005228508 -0.026783601
140669.15 -0.078795287 -0.18995984
36168.519 -0.20683958 0.23536254
52464.622 0.19760733 0.1981796
23941.3 -0.28678168 0.082969144
209768.99 -0.14833936 -0.14906688
62064.758 0.0082788335 0.24849813
98279.986 -0.20557544 0.11575592
458614.66 0.17251251 -0.0025473789
4126157.5 -0.047944846 -0.11207107
962154.8 -0.084137284 -0.12279335
591689.27 0.13645839 -0.12244608
52653.285 0.26258642 -0.0068133597
73593.058 -0.22208501 -0.00014677201
178662.19 -0.16371305 -0.1273165
40148.866 0.10825322 0.28834211
10770.398 0.26061243 -0.047984248
68225.655 -0.1757515 0.1705682
57388.319 0.15679019 -0.1699581
9271.0606 -0.28199784 0.098516927
31107.524 -0.19173214 0.23907641
27562.707 0.24979868 -0.13807756
3474602 -0.089998482 0.043540966
42857.12 -0.2391818 -0.0045656145
118220.35 -0.088278035 -0.2540026
642875.23 -0.046764741 -0.15570586
315544.8 -0.076475372 0.14773781
141900.19 0.21686428 -0.010692688
230815.1 -0.19088598 0.090447143
147112.89 0.18203217 -0.087573218
640513.68 -0.10294187 0.12807774
66983.957 0.14931582 0.16198162
1032100.2 0.010749543 0.10427193
22287.089 -0.24799026 0.16723008
117491.75 -0.18498733 0.017348292
139921.36 -0.167399 -0.12522904
5.9585026e+10 -0.0072773804 -0.04566026
82267.801 -0.27846608 -0.038701529
17444458 -0.074373038 -0.010025477
245207.68 0.11713884 0.12698347
45349.237 -0.28815005 -0.012179164
609889.5 -0.044062716 0.20457257
3583368.2 -0.091536953 0.011748004
38032.36 0.055856763 0.21910765
16026.907 -0.29091782 0.0053642758
34169.402 -0.067523034 0.28636564
541975.97 -0.086650894 -0.13737172
57311.284 -0.0718955 0.29244602
820270.49 -0.10409915 -0.12886201
152919.61 -0.13683889 0.10775079
113922.61 -0.083713869 -0.22506628
75513.272 0.043856832 -0.25501755
61429.28 0.25034673 -0.17502841
1995829.9 -0.047224952 -0.12605696
92119.331 -0.24798246 0.029550177
110950.15 -0.15135142 0.18373229
118918.28 0.10830193 -0.20051773
4460667.4 -0.050073092 -0.10968717
33518.055 -0.019540404 0.30254679
526194.24 -0.12774765 0.070716809
790830.7 0.057731433 0.082745529
64139.213 0.18573333 0.21763162
1775833.7 0.029114985 0.1048434
116418.22 0.17761348 0.065848196
300214.5 0.13261136 -0.095730287
132559.47 0.15821791 -0.15172306
498194.32 -0.022487014 0.1599225
3561320.7 -0.0589937 -0.064095935
491228.98 -0.032404129 -0.14230819
272410.18 -0.08324958 0.21376687
7855606.4 0.048840733 0.065012875
113691.79 -0.060838046 0.15931351
16113.612 0.25730236 -0.05140325
68849.149 0.03577867 -0.26695634
8864920.4 0.090735472 0.0098631962
38528.558 -0.27636993 -0.0037873953
13350.13 0.22266682 0.20335984
26260.766 -0.063921183 -0.2991535
10260.976 -0.24930494 0.19409371
91462.315 -0.21142762 0.075906362
13901.523 -0.23024686 0.20032686
52349.078 -0.22956079 0.067979493
38793781 0.0024251628 -0.071245746
4823.2227 0.12350822 0.25312022
41565.063 0.29138845 -0.085203862
319073.08 -0.034843658 0.17818219
72100.918 0.22419577 0.10620907
357084.25 -0.030071385 -0.19987295
786537.74 -0.050495269 -0.16736498
22913.363 -0.066434688 0.25672682
38501.066 0.20940553 0.19192326
67323.528 0.20877363 0.028998036
208836.41 0.16852555 -0.067030602
535568.61 -0.012477421 0.10513572
28766.905 0.24917789 0.019387597
18599.784 0.11477419 0.25951462
419247.97 0.059970737 -0.16503405
50260.378 0.29656664 -0.0022585241
580698.21 0.038771888 0.12383645
76905.731 -0.15160441 0.15708358
965666.97 0.14034628 -0.03236256
82288.247 -0.26839307 -0.013689149
58322.817 -0.091241826 0.29737495
1292890.3 0.15691428 -0.007802014
3826079.3 0.077992627 -0.034012085
24372.808 0.28572882 0.062986025
5464935.3 0.028076802 0.087884807
396616.78 0.065277041 0.074537803
37904.326 0.25080995 -0.00249571
50259.261 -0.28786538 -0.092275769
5.4109023e+13 0.0083530869 0.002976516
32503.069 0.2585169 0.12594541
25638.414 0.26853269 -0.16349047
365711.23 0.059474084 -0.17535264
4053519.3 -0.06141241 -0.11418485
214451.56 -0.1792875 0.030520915
229225.19 -0.09181694 -0.16885395
224066.04 -0.17219419 -0.040025389
68341.831 0.28462197 0.12510284
90475.567 0.23940878 0.033645193
212212.38 0.017848165 -0.15985917
10536.318 0.22806679 -0.11842798
478689.85 -0.046346238 0.18753739
842640.64 0.05762797 0.078683294
56220.041 -0.19660844 -0.19087792
1.2752859e+09 -0.024812901 0.054805366
15510859 0.0075241549 0.074905933
126417.54 0.23448128 0.04618206
1.7719702e+10 -0.049815263 0.0071949482
133213.07 0.087867739 -0.21834714
8053.9641 -0.16564813 -0.25071796
60057.12 -0.22617121 -0.2156914
43160.887 -0.24779633 0.077220351
6122.1004 0.13374761 0.2784874
1199962.7 0.12753491 0.0049827921
882497.16 -0.049003707 -0.13798381
77121.15 -0.20130485 -0.17921248
72848.826 -0.26092215 0.050898823
430480.28 0.12984107 -0.11492426
1136179.4 -0.096432268 0.09067533
9786349.2 -0.020595756 0.077639016
7592.1198 -0.1246843 -0.28534931
58457.732 0.24306196 -0.091502203
56602.846 -0.25899368 0.11172035
478417.88 -0.058876474 0.13565063
326889.96 0.11939995 -0.18053547
16733454 -0.012458225 -0.072854621
1360476.2 0.15621731 0.012953182
41513.978 0.29262018 -0.069463221
144230.09 -0.16285844 -0.11010844
51592.94 -0.21744008 0.1644045
1353187 -0.12381812 0.027349683
1031732.9 0.070606157 0.053352129
3.6749018e+09 -0.055292407 0.0051626421
29725.997 0.2410606 0.10564451
1327156.5 -0.029048698 -0.10272209
336899.5 -0.15041133 -0.070150472
168973.69 0.030133057 0.16731684
95038.24 0.23092314 0.14357122
1302994.8 0.14398471 -0.009826225
973628.53 -0.077263508 -0.078924929
81840.553 -0.14621988 0.080870931
81581.234 -0.1704885 0.21394895
51447.36 0.02740546 -0.29337502
18020.215 0.27331527 -0.1305488
79276.666 0.22232432 -0.1776078
2490563.2 0.091641711 0.10107082
90968.924 0.023190993 0.2416497
325764.27 0.11889846 -0.17283678
1.0032582e+09 0.061681365 0.0061976768
5300.8897 -0.31049832 -0.023756448
425037.25 -0.01013297 0.17942139
318462.22 -0.082319665 -0.15057947
2359.1063 0.028613794 0.30145677
8660.9459 0.16379523 -0.21443869
34118.452 0.29496496 0.026047264
60025.417 -0.26766581 -0.087415485
14329.305 0.016648615 -0.3066374
533600.91 -0.016743578 0.16951273
54431.027 -0.27658301 0.047547051
54254.589 0.24815914 0.094416108
6437145.6 0.051860372 -0.088045631
43376.868 -0.23474872 0.14178227
109453.44 0.18796774 -0.09983628
40083.428 0.093526323 0.26478417
7.7796817e+11 0.0012894392 -0.035819098
109243.2 -0.26713883 -0.022616085
53489.225 -0.17996727 0.21611759
98958.492 -0.065112553 -0.23476267
30536.757 -0.17666824 -0.18513514
139158.64 0.14047732 -0.16323299
13276153 0.024640383 -0.07294849
2472864.3 0.082347607 -0.075303153
407140.06 0.09834013 0.046160222
37001.365 0.31139755 0.016823626
57160.015 -0.15190756 0.22740655
678566.98 -0.070783772 0.13437152
26885.17 0.17502912 0.15437092
164533.15 0.076638782 0.19482247
167125.45 0.16807745 0.056298925
86788.647 0.027690053 -0.20974528
1015294.9 -0.091947487 0.118663
130049.31 -0.25588867 -0.030524457
48723.752 -0.24898068 -0.18386536
40925.947 0.25348166 0.09662139
38138.519 0.024826687 -0.21882829
26359.315 0.025778791 -0.30196324
113748.22 -0.19154495 0.012414645
77503.978 0.27818487 0.12037514
44277.073 0.19169862 0.24954376
1468638.5 0.10037268 -0.07271848
211356.7 0.0006894588 -0.14614566
183297.7 0.18571481 -0.011111463
26713.787 -0.014160923 0.26261729
4.2822895e+11 0.028799127 0.028392307
24632.096 -0.12584984 0.23784829
119016.23 0.0004655791 -0.1985585
70090.683 -0.040323922 0.23726542
744046.55 -0.11669023 -0.1123043
62322.719 -0.25585831 0.10605472
15276.951 0.24421235 0.17015826
55822.99 -0.22578733 -0.14612428
150877.3 -0.091865069 0.15752244
82803.31 0.24157143 0.14770722
391393.59 0.069631338 0.15765943
34541.081 0.0078310377 0.27160146
187918.74 0.088318782 -0.16702071
19023009 0.020053889 -0.071573557
491409.47 0.10091405 0.042079967
158026.35 -0.18631857 -0.084369697
861400.83 0.12657842 -0.046976263
28855.252 -0.2649684 0.028564195
41921.57 0.19795519 -0.1576827
196548.08 0.17469166 0.048941369
2.7140235e+11 -0.032898108 -0.02229146
138995.68 0.20470771 -0.061993988
2.2643053e+09 0.054135135 -0.023635733
1.3000241e+08 0.067736858 0.0082723654
41777.454 -0.20578841 -0.22926852
52826.559 -0.053782442 -0.27981912
135804.44 0.1634709 0.06156039
102449.48 0.11363258 0.18665856
57766.648 0.18814889 -0.23493532
40971.996 -0.23664403 -0.19821853
563079.98 -0.01856218 0.14659336
445531.51 -0.061268666 -0.14154591
96513.568 -0.034440752 -0.21914393
1077289.3 -0.11018535 0.0052601637
186097.32 -0.10071052 0.15317061
47329.225 -0.24754906 -0.18924197
33153.516 -0.014284308 -0.27260462
507668.51 0.08584947 0.12580259
21868.49 0.21882889 -0.1030199
166520.2 0.16958854 -0.093206522
1.1038829e+08 -0.01809761 -0.064096375
33101.311 -0.22610795 -0.021976556
57730.981 0.30042484 0.081921505
3541513.7 -0.045358336 -0.074466336
1761758.4 0.14967336 0.016347877
679302.41 -0.015287251 0.15476124
66946.153 -0.22715091 0.048192426
577593.3 0.090739735 -0.14145525
26326.075 0.16279093 0.26481569
62891.784 0.082536001 -0.25595766
92309.321 0.22816078 0.046569024
5416885.6 0.10182989 0.017158649
84346.319 0.24104663 0.14746938
42360.139 0.16065122 0.23219115
30082.039 -0.10791595 -0.25681278
47321.967 0.28975625 0.078063388
167373.32 0.13740348 -0.16792298
574116.25 -0.047257633 0.20275456
48792.972 0.2943215 0.0059454923
69539.899 0.2034603 0.134933
57391.129 -0.0021050845 -0.23355997
168403.39 -0.11331514 0.20411498
1381286.4 -0.12090335 0.021164403
29333.517 -0.30263395 0.027623495
111714.36 -0.092628165 -0.25044215
6072289.3 0.051711841 -0.056436165
154099.27 -0.24054358 0.019381574
80281549 -0.045440437 0.050940142
4.5897443e+09 -0.030818404 -0.045297808
46621.099 0.16866677 0.19452432
228107.35 -0.1707992 -0.042435097
7589439.9 -0.082238043 -0.029860571
28543.513 0.25276655 0.12774865
42582054 0.06531172 -0.029515132
90592.796 0.022821637 -0.26602151
121304.77 0.19154339 0.082771145
42696.358 0.18176289 0.19742906
137600.59 -0.17482229 0.12282581
10121.329 -0.28343953 0.13610674
61588.319 0.034279922 0.23938211
660397.64 0.091404539 0.061628621
9917005.9 -0.086006224 -0.020040593
17558.206 0.04324357 -0.22815913
31567.921 -0.17748452 0.25980404
31472.531 -0.00081385369 0.27803283
8734.2329 0.14994361 -0.23075061
55015.885 -0.26027956 -0.11305633
74058.029 -0.018474202 0.22880666
408554.9 0.083883121 0.058554143
132127.89 -0.21977723 -0.086829821
6.8995237e+10 -0.043008991 0.01512782
65734.964 0.22210312 0.12938134
40957.415 -0.048553854 0.29828852
63699.202 0.25425551 -0.085630258
38640.865 -0.25263583 -0.16448555
115544.25 -0.095451193 -0.24523237
140193.69 0.16913737 -0.14442222
2.9785476e+09 -0.041929886 -0.037229205
681935 0.14830146 0.035607085
136837.61 -0.24169142 0.028777879
177007.07 0.11172345 0.14367602
127066.51 -0.1836023 -0.0070424664
67585.6 -0.20167792 -0.19339457
71091.426 -0.15639037 -0.17945922
40282.507 0.18603121 0.1576789
1672283.3 -0.059167754 -0.12868521
32456.516 -0.11079825 -0.18043619
79761.954 -0.23381265 -0.061814493
203267.07 -0.15912499 0.10979698
53367.99 -0.17596425 0.22981653
3032271 -0.016683395 -0.094093007
100428.76 -0.14069907 0.10281879
78489.953 0.11826312 -0.21213021
55595.226 -0.14295848 -0.18466325
304979.49 -0.020910459 0.11400695
5.0237868e+08 -0.03317477 0.05340994
293808.04 -0.022076805 0.21232353
54293.235 0.27834483 -0.1068305
100177.06 0.17667601 0.10570268
48608.671 -0.23349274 -0.019251038
4.5288847e+09 -0.0088759328 -0.054498473
1160040.1 0.12668897 -0.022295643
1.3298091e+11 0.030589872 -0.032031297
5935423.3 0.085453055 0.02586142
202284.92 -0.17455528 0.11402357
22007.851 0.18887453 -0.16926319
1085224.4 -0.056085361 0.11041544
702949.78 -0.11420729 0.11193439
42748.921 0.28061751 -0.10798087
36307156 -0.043369855 0.056522255
88142.975 -0.090583302 0.23714599
96571.1 0.13995167 -0.19189142
29952.494 0.19937927 0.22356301
66549.174 -0.02887831 0.253405
18789.72 0.27041166 -0.030065484
23967128 -0.051523569 0.051029162
64041.021 0.18718144 -0.22190276
900730.03 -0.10222203 0.11920642
839012.7 0.12660294 -0.066866669
1119216.8 -0.042557639 -0.13209673
42511.583 0.039821068 -0.28641555
143037.06 -0.19287024 0.12396287
108900.81 -0.096290499 0.236122
211518.03 -0.18844639 0.10695083
260562.27 -0.015753462 -0.1974271
4103792 -0.10003307 0.030338314
15167.262 -0.1423006 -0.27907603
5.9954869e+12 0.021483346 -0.015365087
705888.75 0.071231766 -0.11305266
3.5017328e+08 -0.022161718 -0.058945162
21890.835 0.24613644 -0.041813827
2.6438328e+08 0.044113246 0.049383537
807403.02 0.12164638 0.10624988
106790.68 0.040789707 0.15299451
5.8034491e+12 0.012750831 0.024027544
52804.591 0.26283318 -0.014288429
41257.336 -0.038480127 0.26358866
1144002.6 -0.080820819 -0.063560227
125821.44 -0.16619013 -0.11709806
127077.74 -0.1204667 -0.072626921
65436.035 0.079948026 -0.23631541
3.1965207e+12 0.030216535 -0.0042069287
185055.55 0.0065526215 -0.12767123
42415.827 0.18692319 0.1621602
42817.841 0.18578162 0.18678211
108273.19 0.031826761 0.20635218
42429.021 0.060313048 0.29360351
147415.17 -0.077875727 -0.25276376
2686807.4 -0.044236284 0.097706495
51281205 0.050565738 0.050484343
1439298.3 0.1226104 -0.0076994386
81092.347 -0.012438433 0.22031613
10979.254 -0.0073781514 0.305831
177613.85 -0.2201796 0.030994645
140154.03 -0.17540184 -0.018769373
60400.088 0.21619016 0.12950286
313460.33 0.0025567531 -0.16119944
46103.953 0.20190993 0.10936499
47667.687 -0.088637745 0.27137149
12894.971 -0.050508422 0.27307605
352936.14 0.054451607 -0.16675621
49395.223 0.19391506 0.14526114
35081.148 -0.29824075 0.03805889
350677.86 -0.12168774 0.12763433
45369.309 -0.05380242 -0.24078768
249614.14 0.0090102868 -0.17583581
1.3204948e+10 0.020793783 0.049306292
3484388.5 0.094805953 -0.016459565
352979.93 0.068090508 -0.17394207
98585.363 0.015600532 -0.23799443
50793.678 0.19386114 0.14387513
250318.18 -0.17050799 -0.054370508
161811.54 0.11038394 0.14414677
59400.291 0.259266 0.081703015
48545.205 -0.25752896 0.12373356
223138.03 0.18996036 -0.061000772
68749.936 -0.078901953 0.30177851
8917.9882 -0.31108882 0.0016933817
53451.793 -0.13887747 0.15779603
11818.821 -0.079871506 -0.29849809
28409.19 0.28576863 0.046437569
39760.406 0.3107196 0.030899232
83792.689 0.22443939 -0.17855212
56104.673 -0.26450787 -0.088339398
4300199.2 -0.086886726 0.031354233
3.3376437e+08 0.045515339 0.047081864
250189.23 0.063422736 0.17829086
5565720.4 0.1036868 0.01375878
261458.09 0.056197274 0.16297673
47651.616 -0.22768725 0.13736284
352533.57 -0.078223109 -0.16879181
79851.141 0.042433716 0.18181657
262417.62 0.059581862 -0.12488311
53243.658 -0.032220508 0.30646365
48929.048 0.14650219 0.1543673
76329.099 0.095542654 -0.23366376
33954.925 0.29267722 -0.019670426
1.5102549e+13 0.019483664 0.0082749699
1914328.3 0.099202839 0.10280726
308298.82 0.15981658 -0.12770181
39162.179 -0.23621262 -0.20979649
42949.09 0.10597426 0.26458455
116090.85 -0.22390301 -0.10229399
31903.62 0.27000421 0.10000558
22968368 0.070145735 -0.023141
15746.263 0.27287601 0.055997949
2460055 0.071334352 -0.059817137
30087.43 0.25219189 0.12863468
64333.475 -0.21852235 0.1284997
46780.234 -0.10367828 0.26954582
246796.71 -0.18120864 0.094152027
43313.083 0.21576039 0.11594456
52927.262 -0.16230336 -0.21290526
69342.29 0.21324349 0.058969639
1375675.8 0.14797941 -0.0091816939
181651.35 -0.1339369 0.20410683
143354.59 0.080706831 -0.21820748
115783.34 0.1614074 0.13587401
87675.736 -0.021000419 -0.25279232
91137.108 -0.27067033 -0.042160534
30136.662 -0.079153066 0.27195411
38972.248 -0.30757843 -0.065643218
1335232.7 -0.093805952 0.085679321
3739.6551 0.13726639 0.27225715
23697.02 -0.30159878 0.015931065
1014559.6 0.1239061 -0.072269111
139948.98 -0.18839875 -0.10538253
55529.243 0.01016012 0.25151444
47443.882 0.18861132 0.12697991
220373.44 -0.20645704 0.015906819
174861.65 0.15395848 0.11886829
700946.39 -0.12389744 -0.032226984
37139.549 0.30261685 0.056481226
13168497 -0.080287818 -0.0087718295
2.5372932e+11 0.038209278 0.019082156
59929.482 -0.09078427 0.24251485
1919099.7 -0.074158819 0.084394406
72613.495 0.18820642 -0.22854512
349787.45 -0.14211571 -0.0091767258
36905.296 -0.010776531 -0.2840594
15645.578 0.27303184 -0.15338749
61966.283 0.22554 -0.18875888
95190.928 0.21969771 0.086865125
1711742.5 0.098978823 -0.039157958
83048.014 -0.16714007 0.16109809
225800.9 -0.21203578 0.016855114
46644.452 0.055475476 0.19670192
3.4400347e+11 -0.037555513 -0.0096211007
165590.41 0.023924379 0.18976475
21900.082 0.27495847 0.076201411
3803057.9 0.10810623 0.01583739
2328584.7 0.078357857 0.10022319
10354.23 0.23999639 0.18621023
143638.43 0.13887402 -0.1706252
55180.816 -0.014291757 0.24672868
17109.196 0.21753059 -0.13694768
572602.59 -0.1597868 0.059680989
37989.665 0.20229338 -0.12645829
8023.2659 -0.0065587971 -0.31386681
275639.78 -0.11433027 0.13532684
55424.565 -0.068802509 0.29662191
600648.58 -0.090564254 -0.14534244
245286.23 -0.024633981 0.21783846
831913.75 -0.10174982 -0.12533763
1449241.8 0.11509247 -0.032302608
48139.024 -0.051900508 -0.25025713
434625.18 0.011521189 0.1709919
1097202 -0.07543668 0.11835467
11964.517 -0.16200523 -0.23721254
746344.68 0.16470644 0.010314481
18142.622 -0.28560501 0.0053780002
20401709 -0.058308062 0.044172861
74088.777 -0.19236049 -0.13306528
214508.16 -0.21903887 0.0199482
51987.73 -0.14636978 0.12984258
37322.002 0.26114229 -0.16493113
657158.56 -0.051506927 0.11812997
56475.126 0.21773331 0.065199913
2539585 0.11146417 -0.0095829747
4502769.3 -0.094857973 0.0302994
240602.9 0.028128941 -0.19994056
99578.057 0.008706724 -0.26695882
18582.947 0.22121116 -0.20541855
101376.75 0.26896812 -0.1015489
6620624.5 0.059525308 -0.084979376
66120.29 0.28373393 0.12839628
143276.13 0.16315783 0.12982231
65530.617 -0.21049734 0.22269594
7618.5207 -0.31315928 0.00028770161
95371.774 0.14381081 -0.17022541
90950.651 0.048027755 -0.26687826
29937.029 0.059156034 0.2855146
94715.467 -0.1530701 0.096178299
106301.49 0.060289833 -0.26000639
4790648.1 0.069768195 -0.070178936
62811.669 0.1629428 -0.16848625
197536.91 -0.14851011 -0.15155364
282989.16 -0.15762249 -0.033606027
55994.162 0.19300519 0.18929718
483513.37 -0.054282543 0.19835076
1143098.8 -0.083219475 -0.12001312
28456.956 0.24885208 -0.050768684
117311.57 0.20143797 0.08619302
5089985.2 0.064665526 -0.089708182
169804.96 0.096340214 -0.17759675
150626.13 0.20239012 -0.063235303
33009.243 0.26260602 -0.15296254
6452088.2 0.048653225 -0.081600355
50394.868 0.29456595 -0.0047529351
42795.156 -0.056642633 0.30153148
42313.85 0.22947588 -0.19508527
2502932.4 -0.037251259 -0.082611501
3.1220746e+13 -0.0019733564 0.014175113
28463.614 0.22519833 0.17954672
1343806.3 -0.094049133 -0.045325783
289780.24 0.16801529 0.088745879
23232.631 -0.072666387 0.25464873
41313.903 -0.29506354 -0.070720714
119161.29 0.19488466 -0.034868634
106593.77 0.01808421 -0.27470177
136713.54 -0.15526992 -0.016208218
84268.554 -0.033603341 -0.23377588
31452.465 -0.17699044 0.26080589
54267.947 -0.19264549 -0.063631423
28162.289 0.072631104 -0.29761602
38299.416 -0.08574001 -0.20236049
1030538.3 -0.10997518 -0.03223769
181334.82 0.015665175 -0.19837406
2631.6797 -0.098648402 -0.29021473
2006667 -0.076949622 -0.11031135
94918.315 -0.24279551 -0.10131167
230037.63 -0.077477138 0.17146448
142842.39 0.097641781 -0.16473152
79072.68 0.20560739 0.020955274
792457.96 -0.07840698 0.13485483
695249.04 -0.0027870194 0.16393262
36809.177 0.14406563 -0.209664
9293811.9 -0.063382003 0.056283729
27466.923 0.031940995 -0.22555426
4230416.1 -0.091985152 0.00066465349
80817.507 0.035387432 -0.21049092
114815.48 0.011198305 0.2005973
20275.24 0.21154767 -0.12755753
3781151 0.060325433 -0.095896475
136762.44 -0.22099903 -0.081465051
226821.29 -0.2160211 0.022889425
32363.325 -0.15461434 -0.19223971
28006.298 0.19670464 -0.16368104
54138.644 -0.26344457 -0.091747694
947453.02 -0.087893549 0.12667939
1468317 -0.11965251 0.026981029
76793.731 -0.097419837 -0.2522006
246116.17 0.084118356 -0.16520546
65632.702 0.0075371095 -0.20712022
5.6769872e+11 0.034404888 0.018889285
45593.605 -0.26354532 0.10962347
46240121 0.071436009 0.0026733449
656616.4 0.13233685 -0.06766878
209556.92 -0.17562663 0.092370345
32787.728 -0.23450998 -0.16622455
42295.267 -0.05409503 0.24856814
10567.618 0.055084173 0.27423051
27743.124 -0.26253558 0.17113558
133360.65 0.16414362 0.061837791
42296.985 -0.23649407 -0.0034000028
170444.43 0.027963772 0.19278549
51610.119 -0.051194893 -0.25486835
168363.72 -0.007319602 -0.19853016
69587.042 -0.13526121 0.22124995
562147.61 -0.098797825 -0.15408223
37497.996 -0.15658399 0.1386666
3.8567634e+13 0.0041596268 -0.010704288
238331.36 -0.14539968 -0.14391542
99862.769 -0.21009178 0.077672458
95859.463 0.21816397 -0.043926005
10416072 -0.071179467 0.020739956
64942.021 -0.25548711 -0.054126115
6.9371065e+08 0.028299585 -0.05498272
75615.549 0.036281786 0.22419568
418540.69 0.045670947 0.12887624
132741.82 -0.20834684 -0.088807184
7772969.6 -0.072464661 -0.031022895
179429.02 -0.19777024 0.018016645
148660.12 0.050475857 0.14088228
38985.634 0.031816683 -0.2366704
1692396.2 0.002917873 -0.10943808
4675367.8 -0.080769354 0.034683849
212493.11 -0.15769515 -0.080193945
7238.325 -0.15837416 -0.25132583
693798.34 0.14392639 -0.040672398
104335.41 0.21636039 0.09856152
2.7714067e+08 -0.051924957 0.037519284
89872.388 0.18537491 -0.11792142
764740.18 0.034584285 -0.11681881
1492147.6 -0.063278368 -0.085494819
15541.051 0.15419709 -0.21236891
46670.71 -0.21296066 -0.14748809
136036.28 -0.23264069 0.035121758
58496.975 -0.16827417 0.230868
66078.713 -0.22880707 0.12294843
4965256.8 -0.081881762 0.038552239
440459.99 0.12205921 0.077358014
253312.15 0.13249293 0.1126665
61264.446 -0.0072108565 -0.25186772
20622.569 -0.30711025 0.066214295
689456.85 0.1031874 -0.12525396
56714.65 -0.057323013 -0.27475339
6435646.7 -0.028311042 0.084596983
48782.145 0.18100882 0.13428911
17415.927 -0.066990896 -0.30254413
351727.7 0.13000082 -0.098725966
644561.48 0.12463869 0.10694018
57816.535 0.21776313 0.0514405
319905.32 0.069448908 -0.13619095
21673.168 0.090100312 -0.30055027
18079.658 0.30638991 -0.029468866
82743.254 -0.16783317 0.16146237
178659.29 0.022061443 0.19652834
50425.342 -0.091084898 0.27083621
72880.623 0.14452932 -0.18225797
57264.073 0.163524 0.24763095
927307.01 0.068495715 0.090186604
35926.64 0.11978393 0.21552002
50251.687 0.16493721 0.22752586
270219.56 0.029484483 0.14591223
101559.82 0.14213422 0.13507907
15371.849 0.30907725 -0.033368208
48250.288 0.28437382 0.0033915734
31643.746 -0.29876248 -0.037382108
33669.064 -0.029865063 0.26973324
59862.208 0.033022612 -0.27812396
36712.72 0.27272747 0.0099224842
4861321.9 -0.085451518 0.0047896754
33837.177 0.19098757 0.115786
3534779.7 0.072294857 -0.044734154
56783.099 0.19280049 0.19898723
47931.194 -0.0093831921 0.23321376
618935.91 -0.16213643 0.059112521
62311.271 -0.1745168 -0.20747012
52837.397 0.25389609 -0.017866082
74973.031 0.23486987 0.091919852
34745.232 -0.049206161 -0.28903156
17883.595 -0.3080989 0.063451886
53384.425 -0.10347422 0.25962236
22575.674 -0.16850022 0.25070664
49777.759 -0.1165726 -0.17698311
64719.71 0.23639566 -0.18907585
45344.87 -0.22681717 -0.028734469
576572.35 -0.047190938 0.2026435
42765.236 -0.22141657 0.2099556
274174.87 0.12892243 -0.16730834
28761.535 -0.2563896 0.17692729
51327.565 0.16486547 -0.17829593
91797.686 0.01399494 -0.28259828
37970.078 0.23865268 -0.04300755
28829.183 0.095124278 0.29626632
2.5981811e+08 -0.0050368968 -0.064161538
100075.54 0.26853012 -0.10904495
37270.747 0.30081283 -0.066604403
70905.342 0.21265912 0.065405483
38632.817 -0.030595218 -0.27334594
32689.948 -0.19564555 -0.15437169
1983707 -0.10322212 -0.022513255
148558.23 -0.23455038 0.013363611
27480.957 0.026361034 0.26041272
63189.484 -0.24948344 0.12053258
94166.969 -0.16579014 0.17280985
36573.281 0.25860328 0.12895175
146372.48 0.030935396 0.16876387
334794.18 -0.127084 0.10439152
564040.88 0.080909999 -0.12311008
231775.41 0.13771528 -0.09049996
27958.931 -0.25910294 0.078916019
53062.163 -0.012388458 0.24421379
45612.068 -0.054121988 -0.21449878
169241.24 0.19500126 0.057435033
492500.25 -0.015622104 -0.14909904
101730.47 -0.092918312 0.23610376
42777.982 0.094928058 0.28081496
24422.42 -0.28180856 -0.12536133
36943.161 0.13692907 0.21111613
922696.57 -0.041768033 -0.16806968
90284311 -0.042126142 0.053427917
68066.413 0.17763986 0.21886473
87772.938 0.047921374 -0.21058206
674137.79 -0.10842538 0.10081918
1595706.7 0.046185855 0.10976606
145452.54 -0.17911781 -0.066310179
3365956.6 0.015045244 0.089433346
52586.852 -0.017000501 0.25243744
293174.59 -0.13112028 -0.13571605
4.9390505e+12 -0.025792458 -0.00077294023
95336.82 -0.12440663 -0.074168491
16733.258 0.21524944 -0.12164724
801079.65 -0.11168039 -0.13738123
17564.119 -0.26439694 0.089263758
1.9236866e+10 0.021345157 0.04766741
36215.659 0.1648399 0.15773332
3417541.6 0.086122896 -0.014462546
160863.02 0.07707037 -0.19862766
41650.006 0.069994031 0.28916448
55942.041 -0.22568599 -0.22003771
45040.41 0.25914757 0.092441035
63102.94 0.21817316 -0.16378206
2238009.2 -0.074874488 -0.10863721
49626.713 -0.073203701 -0.27718255
1431705.4 0.098738051 0.089055127
785057.57 -0.12178039 -0.033840351
9811.2096 0.28630697 -0.12285202
89488.607 -0.11493386 -0.17204316
110535.51 -0.028281101 -0.22112048
291009.49 0.080889293 -0.16485428
3.0984025e+09 0.057963164 -0.0066191971
45144336 -0.067048193 0.015895213
343787.46 0.14399155 0.08126154
78264.564 0.21125745 0.054678711
73826.539 0.22689976 0.060518713
291872.36 0.15255679 -0.11098736
56449.591 -0.22244623 0.048899403
69351.587 -0.24512963 -0.090120848
88474.224 0.11622018 0.19914708
1.0202871e+12 0.034743324 0.011295661
2361336.5 -0.032611936 -0.080687038
43766.584 -0.27694912 0.027163813
125830.89 0.17685814 -0.044356989
3447.7793 0.030575914 0.29350458
