1.86005e+07 -0.0931406 -0.0327808
4.39008e+06 -0.277844 -0.0241589
1.79292e+08 0.00400761 0.0606047
807065 0.235105 -0.166275
7.17983e+08 -0.0293835 0.136354
4.43568e+08 -0.0452168 0.109898
2.51077e+06 0.155087 -0.105081
1.2823e+06 0.276051 -0.0747424
3.95766e+06 -0.0387406 -0.172911
9.61936e+06 0.105065 -0.0565245
1.73536e+06 0.197724 -0.204221
1.532e+06 -0.282012 -0.0671709
2.18573e+06 0.129504 -0.163769
3.35223e+08 -0.161504 0.126124
3.59487e+09 -0.101019 0.274313
2.62146e+07 -0.300429 0.0725006
4.75649e+08 -0.187123 0.16083
1.00344e+08 0.0545782 0.0369349
3.4745e+06 0.181006 -0.247697
8.31213e+06 0.185132 -0.0377816
9.48027e+06 -0.266828 0.00285606
1.81182e+06 0.260209 -0.0683292
2.72996e+06 0.106702 -0.173717
2.67604e+08 -0.0450601 0.0826843
1.18512e+08 0.170796 0.0789123
1.45315e+06 -0.245543 -0.0921029
9.06413e+08 -0.172524 0.196475
3.00257e+07 0.287895 0.0789478
1.11791e+07 -0.175705 -0.0319649
3.64221e+07 -0.26926 0.0672214
3.04039e+06 -0.0827128 -0.145252
6.89407e+07 -0.0989762 0.0254256
2.72244e+08 -0.0773761 0.0882415
1.8765e+09 -0.123776 0.226061
3.01206e+07 0.0137057 -0.0202092
1.66101e+09 0.107477 0.21459
2.79169e+07 -0.196024 0.0155255
2.7101e+06 0.124704 -0.113867
1.28484e+07 -0.28131 0.0251647
2.99844e+07 -0.293742 0.0743936
2.74005e+08 0.0144552 0.0824822
8.7984e+07 -0.199545 0.0716221
1.94313e+08 -0.0563048 0.0676317
2.52038e+06 -0.172292 -0.101765
3.32447e+06 0.150036 -0.0918251
2.6809e+09 0.0482117 0.233267
4.91993e+06 0.0732246 -0.210456
1.50972e+09 0.0794222 0.196735
3.15208e+07 0.300972 0.0918701
4.39085e+07 -0.120677 0.0101774
1.56069e+06 -0.293088 -0.0595421
1.42061e+08 -0.192382 0.0929634
6.56118e+07 -0.271049 0.099075
1.63977e+07 -0.23945 0.0122158
1.1999e+08 -0.200279 0.0879916
7.25293e+08 -0.0437085 0.138273
6.3948e+07 0.157244 0.0425961
2.94424e+06 -0.0923256 -0.135489
1.60659e+09 -0.0360182 0.18953
3.90285e+08 -0.0333963 0.101754
1.2792e+09 -0.158799 0.214281
3.80647e+07 -0.0183483 -0.0103479
3.71869e+06 -0.188768 -0.223989
1.32992e+09 0.0643262 0.183425
1.70495e+07 -0.263908 0.0275385
1.77355e+06 0.270883 -0.0630422
1.52992e+07 0.101736 -0.0375292
1.19567e+07 0.0742612 -0.0532491
5.16333e+06 0.311112 0.0105063
2.44752e+06 -0.211835 -0.0838682
8.56447e+06 0.12575 -0.28487
3.35364e+08 0.000540325 0.0926272
1.3487e+07 -0.09548 -0.287113
4.07093e+06 -0.0149459 -0.114161
758863 0.247439 -0.180284
4.03074e+07 0.275205 0.0848498
973658 0.297737 -0.073546
2.4269e+06 -0.232067 -0.0741251
1.85103e+06 -0.289108 -0.0545135
1.82835e+06 0.268895 -0.0628521
5.85928e+09 -0.0451471 0.308178
8.90641e+06 0.0385202 -0.24741
1.27554e+06 -0.265368 -0.0863067
3.78659e+07 -0.116332 0.00256554
1.85073e+06 -0.209703 -0.182938
3.95548e+06 0.0110629 -0.115952
5.22446e+06 -0.0144875 -0.197155
2.62696e+09 -0.146695 0.269724
2.13695e+08 0.178957 0.114804
5.9032e+06 0.0977761 -0.0796695
4.26907e+06 -0.0268187 -0.179651
1.82584e+07 -0.238551 0.016566
2.17976e+08 0.110938 0.0878371
9.38951e+06 0.313203 0.0401331
3.87979e+06 0.0279734 -0.175734
1.25867e+08 -0.126151 0.0608194
2.7227e+09 0.0811259 0.244748
7.90594e+06 0.194437 -0.0361307
5.68543e+07 0.0192906 0.00764012
2.78348e+08 -0.010997 0.0827872
4.53633e+06 -0.176473 -0.232016
1.44089e+06 0.176124 -0.153352
3.54883e+06 -0.271687 -0.0367113
5.73166e+08 -0.105258 0.136734
6.55853e+06 -0.0226997 -0.215151
2.92809e+06 -0.0922369 -0.140041
1.06719e+06 0.206607 -0.149454
4.5846e+07 0.0829464 0.00598756
3.0853e+07 0.196842 0.0252424
4.92102e+06 -0.248237 -0.0353371
4.55935e+09 0.021458 0.277725
1.13023e+07 -0.21713 -0.0148352
4.63696e+06 -0.0212671 -0.187025
5.72075e+06 -0.0282615 -0.204411
6.05107e+07 -0.273975 0.0968054
1.8015e+07 0.0072826 -0.305832
7.14498e+08 0.00782771 0.135554
1.32765e+06 -0.256515 -0.0899538
2.40274e+08 -0.0474037 0.0773638
8.76952e+07 0.154277 0.0567344
1.46389e+09 -0.102917 0.198104
5.82163e+06 -0.0343732 -0.0913189
1.35378e+07 -0.0402776 -0.276069
8.43598e+08 0.00369375 0.145521
3.84474e+06 -0.0784324 -0.177426
4.25118e+06 -0.0633287 -0.183221
5.15864e+06 0.0201026 -0.199602
3.63436e+07 0.21935 0.0442403
1.10428e+06 0.268172 -0.0869042
3.61637e+06 0.151736 -0.228135
1.38502e+06 -0.216613 -0.160308
5.69233e+08 0.162266 0.165554
7.02558e+06 0.108292 -0.25587
2.84685e+07 0.0445282 -0.0204189
2.15147e+06 -0.197225 -0.0983391
3.55181e+09 0.0768899 0.267987
2.2602e+06 -0.187773 -0.18371
6.78718e+08 -0.0543855 0.13565
2.03182e+06 -0.15995 -0.137662
3.45168e+06 0.106468 -0.104896
1.76912e+08 0.0526567 0.0640583
1.86619e+08 -0.167955 0.0962035
7.38413e+08 -0.0742135 0.144272
2.10408e+08 0.22467 0.14188
2.37077e+07 -0.0701165 -0.0262385
5.1491e+07 0.212584 0.0575791
2.16251e+07 -0.152459 -0.0116912
6.47481e+07 -0.0291229 0.0133897
1.08556e+07 0.0982497 -0.289774
2.1624e+06 0.183987 -0.0998748
5.91002e+08 0.11117 0.144664
1.58405e+07 -0.0267039 -0.290335
3.61802e+08 -0.153965 0.127248
6.67557e+06 0.145684 -0.276334
5.31713e+08 -0.0666684 0.123228
4.01327e+08 -0.220183 0.17113
1.87248e+07 -0.00535915 -0.040655
2.12844e+09 0.114081 0.238173
8.37832e+06 0.0121251 -0.237113
1.04542e+06 0.208559 -0.150098
2.00981e+08 -0.0533822 0.0689677
2.29046e+06 0.187948 -0.218952
1.29646e+06 0.308545 -0.0531809
1.09162e+09 -0.0403666 0.163601
1.87889e+09 -0.0982256 0.215418
1.50562e+06 -0.236199 -0.18765
8.17196e+06 -0.13711 -0.25905
3.51192e+06 -0.0473613 -0.125311
3.67064e+06 -0.00998821 -0.124078
2.66081e+08 0.188527 0.132838
8.01921e+07 0.026502 0.0235733
2.07751e+07 0.0972874 -0.0254769
9.38298e+08 0.00531906 0.152224
899166 -0.257102 -0.116814
7.8063e+06 0.137088 -0.284401
1.22971e+09 0.159507 0.219587
2.66235e+08 -0.0461825 0.0825331
4.97534e+08 0.232641 0.206708
1.24085e+06 0.265804 -0.0826805
1.62833e+08 -0.236512 0.126149
2.94902e+08 0.00484998 0.0859273
3.09914e+06 0.105537 -0.112199
7.21307e+08 -0.14392 0.165571
5.32756e+06 0.0123354 -0.096719
5.16028e+09 0.0125634 0.289931
6.5338e+06 -0.00918967 -0.0866367
7.15621e+06 0.0489201 -0.232352
4.03106e+06 0.0870127 -0.101353
1.0473e+09 0.137362 0.194288
7.3959e+06 -0.103278 -0.0700009
1.71853e+07 -0.224266 0.00671133
3.20057e+06 0.124296 -0.200139
1.35479e+08 0.0502222 0.0506304
2.87971e+07 -0.14554 -0.00143693
1.9565e+09 0.0914583 0.220868
1.17179e+09 0.00588895 0.166597
9.49175e+07 -0.112535 0.0434529
2.48709e+06 -0.237908 -0.0700188
3.84514e+07 -0.0644067 -0.0063267
9.27701e+07 -0.207006 0.0780643
2.45132e+06 0.270969 -0.0486049
3.82999e+07 -0.125795 0.00545762
5.33032e+06 0.12598 -0.0771298
4.85347e+06 -0.124487 -0.211555
4.95603e+08 -0.195326 0.168506
1.97311e+07 0.193147 0.00326298
543859 0.265099 -0.162305
4.0884e+08 -0.108666 0.11795
4.07453e+09 -0.0646468 0.272904
3.04132e+06 0.168731 -0.226582
2.63002e+09 0.0203687 0.226942
1.09214e+09 0.102629 0.181674
5.53737e+06 -0.0580188 -0.204224
1.5113e+08 0.133471 0.0762716
1.60361e+09 -0.156881 0.231425
1.85985e+07 0.024529 -0.312939
8.02579e+06 0.127625 -0.280041
2.75434e+09 0.110032 0.259354
4.19836e+06 0.134899 -0.0855769
6.3617e+06 0.0333046 -0.218965
7.15334e+08 -0.226766 0.218409
1.41226e+09 -0.0103245 0.178967
4.13464e+06 0.0676966 -0.104335
3.99011e+09 -0.0439516 0.26586
1.63708e+07 0.309214 0.064426
3.80535e+08 -0.217165 0.165467
1.89044e+06 0.144598 -0.156269
6.05086e+08 -0.158426 0.160954
1.26189e+09 0.0218346 0.172615
1.49615e+07 0.00272301 -0.286496
6.84686e+08 -0.000896336 0.132753
2.07483e+09 -0.145458 0.246594
7.1922e+07 0.203213 0.0693059
1.36904e+06 0.244056 -0.0910754
6.34825e+08 0.167989 0.176163
3.841e+09 0.0958982 0.285231
3.50261e+09 0.031825 0.253551
3.61454e+06 0.307705 -0.00807617
1.89799e+07 0.211959 0.0102132
2.95313e+09 0.0454485 0.240957
1.45075e+07 0.0205012 -0.286563
1.67498e+07 -0.0828805 -0.304738
1.55104e+06 0.262215 -0.074292
1.13665e+07 -0.118279 -0.279846
2.18654e+08 -0.0302844 0.0711329
2.40318e+07 -0.137951 -0.0114854
3.06688e+08 -0.108283 0.101806
4.6049e+06 0.288265 -0.0101962
2.01957e+07 0.0322003 -0.0360891
804569 -0.290795 -0.0932679
2.54645e+08 0.0892562 0.0899872
2.28266e+07 0.28673 0.0640455
1.71655e+06 0.285301 -0.0557231
9.27908e+06 0.0621134 -0.258254
3.42813e+06 -0.0198472 -0.149622
6.13439e+07 0.23155 0.0773074
1.20986e+07 0.0203647 -0.0584928
5.99047e+06 -0.0407029 -0.0893666
1.47428e+08 -0.114436 0.0653431
2.0929e+06 0.189794 -0.0987613
1.04867e+06 0.216841 -0.174332
4.48695e+09 0.0822824 0.295316
3.72179e+07 -0.29405 0.0857848
3.89405e+07 0.286382 0.0915142
9.37369e+06 -0.0535726 -0.245516
3.5665e+07 0.111316 0.00123811
7.47002e+08 -0.140726 0.166447
3.60372e+09 0.0770992 0.269518
5.81645e+08 0.228234 0.214759
2.54118e+06 -0.123531 -0.139343
3.35366e+07 -0.299415 0.0844085
2.94914e+06 -0.0907815 -0.143653
3.85763e+06 0.119255 -0.212663
1.48281e+06 -0.211343 -0.116016
1.92619e+09 0.0303293 0.203677
1.78076e+09 0.119655 0.22604
6.2522e+06 -0.0679662 -0.215322
2.281e+08 -0.215835 0.132619
1.99637e+06 0.289144 -0.0466084
1.27028e+07 -0.220874 -0.00809728
1.52059e+08 -0.259461 0.138554
1.89104e+09 -0.142752 0.23682
1.83658e+08 0.0556388 0.0663733
4.41053e+08 0.141259 0.138938
2.81631e+09 0.0402859 0.235755
5.50741e+06 -0.0466023 -0.202459
4.34143e+06 0.0235027 -0.108092
1.24967e+08 0.205424 0.0995404
1.29192e+07 -0.0349917 -0.27148
2.21898e+08 0.176996 0.11592
3.72512e+07 -0.145727 0.00994089
2.3142e+09 0.00816464 0.215622
1.78764e+07 0.0890824 -0.0335538
2.73718e+06 -0.116166 -0.127307
2.12327e+07 0.197838 0.00864235
6.80844e+07 0.267733 0.107666
3.59656e+07 -0.294723 0.084501
1.27795e+07 0.236204 0.00478099
4.56779e+09 -0.0244294 0.276754
2.72625e+07 0.244849 0.0449155
4.76036e+06 -0.203782 -0.0573128
3.24162e+06 0.0637546 -0.123886
2.8932e+09 0.118362 0.269032
835033 -0.25591 -0.132351
2.60015e+06 -0.119127 -0.139025
5.40155e+06 -0.168061 -0.0655691
1.12102e+09 0.00657206 0.163711
3.81294e+06 -0.0253251 -0.167888
1.60518e+08 -0.149213 0.0807394
4.63157e+06 0.296096 -0.00480995
2.89033e+09 0.0431192 0.238573
4.85646e+08 0.110111 0.132388
7.35857e+08 0.178687 0.193309
1.0867e+08 0.202702 0.0904696
1.13467e+08 -0.267989 0.127653
2.1125e+08 -0.110796 0.0826533
4.90335e+06 -0.00755938 -0.192209
2.68745e+06 -0.158251 -0.104549
3.74851e+09 0.0190524 0.257998
1.22319e+07 0.0923144 -0.298155
8.11458e+06 -0.3136 0.0255856
1.04358e+09 0.0123047 0.15935
2.48512e+08 -0.257997 0.168507
6.37924e+06 -0.0541066 -0.214854
1.08911e+06 0.0854234 0.0446105
1.01911e+06 0.0369479 -0.0776239
356213 -0.0683803 0.192815
185487 -0.206022 -0.184637
360695 -0.062945 -0.305879
637593 0.1752 0.144641
518889 -0.0285438 -0.232374
388445 -0.0658517 -0.280636
184624 -0.174349 0.14266
184770 -0.208 -0.197673
315976 0.0238369 0.263456
810511 0.0699523 0.140253
98579.7 -0.215657 0.187398
317183 -0.0900962 0.186341
251848 -0.173405 -0.0507603
323944 -0.149893 -0.0352799
144800 -0.221179 -0.0296621
1.09698e+06 0.113137 -0.0295962
916644 0.119204 -0.124196
581561 -0.0319507 -0.198381
242064 0.0388113 0.294644
572996 0.0713033 -0.241377
148657 -0.226233 -0.158715
213016 -0.184368 0.0463235
866687 0.031467 -0.140053
765601 -0.0464436 -0.0208771
761608 0.192664 -0.0894604
664431 0.212158 0.0768893
555611 0.0639822 -0.247164
577262 0.0114587 -0.231499
850480 -0.0234295 -0.0553548
336414 -0.145142 0.0134054
709276 -0.034767 0.0920269
408414 -0.0469422 -0.280691
581046 -0.0617017 0.102686
956417 0.163211 -0.00185264
914225 0.0716011 0.111901
424675 -0.0625787 0.170721
265290 -0.166177 -0.122677
276448 -0.10209 0.193075
156016 -0.214898 -0.0256701
100955 -0.180655 0.23816
280695 -0.159154 -0.14315
111794 -0.244209 -0.0767674
334525 -0.12508 -0.232657
794862 -0.035558 -0.0594887
56593.8 -0.297159 0.00255239
297144 0.0884103 0.278987
496084 0.212098 -0.181632
626012 0.235359 -0.0136632
442196 -0.000562052 -0.281893
917358 0.158618 -0.0760132
713298 -0.0335677 -0.127043
53081.9 -0.301571 0.0808854
741547 0.0247173 0.143593
621246 0.152145 -0.197596
87600 -0.257228 0.0768064
277689 0.153012 0.274367
965699 0.0397175 0.082762
190278 -0.118261 0.227179
1.05247e+06 0.134465 -0.0202621
931628 0.0841964 -0.131946
919833 0.0610974 0.108245
1.05066e+06 0.112946 -0.0696453
429912 -0.0653343 -0.248763
636657 0.230975 -0.0443183
329043 0.121947 0.264387
890192 -0.00292456 0.0625782
723558 -0.0230073 -0.140919
650083 -0.00431676 -0.194671
892841 0.164038 0.0597798
433627 0.0282215 -0.289269
425457 0.181584 -0.240803
715516 0.166413 0.127951
466037 -0.107661 0.0437915
332231 0.127625 0.262062
1.01875e+06 0.127486 -0.0709973
633615 0.155792 -0.19093
581483 0.188199 -0.177795
787260 0.110565 -0.17064
144919 -0.221293 -0.0384975
390376 -0.0781313 -0.265376
69478.7 -0.278606 0.0606721
237976 -0.177266 -0.190992
142909 -0.237411 -0.200054
741578 0.194219 0.0766402
155144 -0.104778 0.264572
781922 0.111244 -0.171973
1.0661e+06 0.0887542 -0.0757979
404561 -0.12501 0.0299157
319388 0.238951 0.196158
897950 0.00562254 0.0735204
448605 0.216246 0.167236
361907 0.119019 0.254233
913270 0.0271215 -0.118349
88115.1 -0.261917 -0.0377308
252007 -0.170249 -0.223776
759265 -0.0461803 0.0181006
572750 0.126678 -0.22704
498521 0.0997342 0.218116
305872 -0.137937 0.105057
175255 -0.14071 0.211666
303635 -0.137267 -0.259618
747087 -0.0505223 -0.00722101
385034 -0.0722747 -0.277177
623209 0.0270597 -0.220993
460361 0.00573687 0.211604
485549 -0.0767304 0.122822
111754 -0.192412 0.206084
281803 -0.162988 -0.0101462
241039 -0.149932 0.137958
202308 -0.201203 -0.232988
214418 0.0374611 0.306108
473682 0.147891 -0.247015
663971 -0.0538942 -0.10827
415431 -0.023505 -0.28819
899336 0.154951 0.0727346
391381 0.0349737 -0.30641
954702 0.16222 0.0132097
222859 -0.184095 -0.1578
325011 -0.140806 0.0712303
59763.3 -0.292265 0.0425568
948319 0.0930681 -0.124607
90008 -0.179141 0.255246
1.11262e+06 0.0624196 -0.0363459
384364 0.13983 -0.28136
907049 -0.00616731 0.0443264
827113 -0.0204509 -0.0861001
554591 -0.0657979 -0.157833
585617 0.0406376 -0.236494
650413 0.150186 -0.189816
326252 0.209338 0.222692
1.04119e+06 0.0712665 0.0679365
789167 0.197672 -0.0496782
362863 -0.124693 -0.173047
636028 -0.0432103 -0.152852
622543 0.124337 0.180424
70656.1 -0.277978 0.0420878
160023 -0.226964 -0.211756
514221 0.0548049 -0.260666
493749 0.260328 0.0375987
509103 -0.0614559 0.136922
1.114e+06 0.0592565 0.0124699
367065 0.251804 -0.183071
116281 -0.206796 0.171562
833900 0.187797 -0.0493027
964656 0.0448546 0.0866135
408041 -0.0910378 -0.22542
490470 0.148758 -0.241087
1.00883e+06 0.0150859 -0.0393802
227411 0.00700332 0.291727
146219 -0.226244 -0.145729
151497 -0.221667 -0.134335
954342 0.125012 0.0839649
374766 0.0697345 -0.308241
240748 -0.0455571 0.26052
754326 0.0441387 0.148918
945117 0.163761 0.0188163
948932 0.0776403 0.101849
353832 -0.0816223 -0.297348
1.06443e+06 0.104538 0.0503946
216148 -0.189085 -0.194054
463034 0.207898 0.171182
747927 -0.022956 -0.128341
813901 0.149008 0.112358
571508 0.246455 -0.0248772
575189 0.0267475 -0.237214
151333 -0.216447 0.00740756
195432 -0.198509 -0.164195
549676 0.00486763 -0.239169
303181 0.250961 0.1892
989522 0.0504901 0.0806323
236973 -0.153366 0.133791
212271 -0.150835 0.163602
1.0333e+06 0.0847431 0.0719465
428512 0.266581 0.0806173
920744 -0.0107998 -0.0283977
645256 0.032388 -0.215296
884023 0.111343 -0.139909
454407 0.256606 -0.115016
772605 0.202371 0.025087
271033 -0.117116 0.175715
215445 -0.123998 0.203022
79651.8 -0.274883 -0.100305
630650 -0.0753072 -0.0174292
287876 -0.161205 -0.0251817
606627 0.239428 -0.00619612
463455 0.222116 -0.181808
696962 0.201531 0.0840092
971381 0.121033 0.0805219
145041 -0.20355 0.123542
359039 0.269378 0.12535
147383 -0.209916 0.0909286
502039 0.227241 0.128879
277640 -0.161152 0.0391378
1.13095e+06 0.071743 -0.00816381
296398 -0.143493 -0.247931
423549 0.170928 -0.249451
73006.7 -0.248192 0.183199
201770 -0.193259 -0.0908169
295213 0.167047 0.261774
445989 0.0690441 0.232794
274398 -0.159321 -0.192311
598036 -0.0624187 -0.134063
294365 -0.125129 0.146017
801183 -0.0168001 0.081517
168290 -0.0617548 0.287586
508550 0.0634764 -0.262137
141048 -0.223288 -0.0268437
366482 -0.0595968 0.197292
785827 0.127023 -0.16297
1.0937e+06 0.109792 -0.0409318
249421 -0.0636495 0.244023
370441 0.284937 -0.0900643
648197 0.219888 0.0652629
302851 -0.148354 -0.170319
341641 -0.122282 -0.229015
111143 -0.215703 0.160894
352082 0.0334537 0.254283
862974 -0.00169352 0.0782676
1.06414e+06 0.120432 -0.0502683
133539 -0.230119 -0.0946314
552482 0.129145 0.197167
323832 -0.141939 -0.152937
473249 0.0114171 -0.271368
1.08885e+06 0.0445208 -0.0335898
59403.6 -0.295468 -0.064711
505687 -0.0198401 0.182326
459058 0.0181363 0.217413
427631 -0.094045 -0.196835
88996.4 -0.256599 0.0695027
203818 -0.192648 -0.126657
880035 0.164004 -0.0864976
1.04673e+06 0.0437597 0.0491265
465438 0.111385 0.225284
392082 -0.0638165 -0.279551
895804 0.175127 -0.0405813
129749 -0.0770252 0.303253
490044 -0.101567 -0.0862293
1.06607e+06 0.111563 -0.0613419
880454 0.159107 0.0749754
631427 0.218655 -0.101359
635089 0.23235 0.0161025
269174 -0.166496 0.00866145
305407 -0.154968 -0.0600771
382326 0.0283739 0.243465
214943 -0.0347889 0.278732
685624 -0.0585787 -0.0684141
620612 -0.0118609 -0.200519
418183 -0.122798 -0.0575983
392637 -0.0907676 -0.242556
291553 -0.158279 -0.0881223
242428 0.00623473 0.285111
86198.3 -0.235642 0.17301
709167 0.0471355 -0.198722
191968 -0.206954 -0.22461
585830 0.0328339 -0.23502
1.04048e+06 0.0767219 0.0690099
573130 0.246484 -0.0128776
231871 -0.0185038 0.27928
518126 0.193603 0.166287
79926.7 -0.270877 -0.0601174
490318 0.0534917 0.218883
291360 -0.0653055 0.223647
223746 0.00292743 0.29185
391155 -0.0418629 0.203474
1.03593e+06 0.0490328 -0.0804274
567267 0.120966 0.195869
84938.5 -0.228461 0.192092
1.02945e+06 0.064079 -0.0921479
54501.2 -0.300298 0.010008
90687.7 -0.236463 0.157839
194763 -0.0761769 0.262515
514212 -0.0416155 0.159825
469772 0.00296677 -0.270754
417707 -0.122525 0.0208979
426262 0.00332704 -0.289885
125187 -0.245096 -0.169194
450432 0.189702 -0.224697
384654 0.264906 0.118452
535834 0.246904 0.0581427
895296 0.168049 0.0488916
568334 0.24331 0.0404702
467591 -0.072149 0.139378
561304 0.236004 0.0763994
328143 0.142145 0.259413
284524 -0.156939 -0.154834
78774.6 -0.26312 0.103765
582314 0.244247 -0.0230318
680692 0.0974347 0.172249
550602 -0.091784 0.0121153
413656 0.127129 -0.276943
474831 -0.0973541 -0.131291
594929 0.163622 -0.197225
349174 0.114926 0.259058
808284 -0.024524 0.0613965
1.09306e+06 0.0555563 0.030407
365898 -0.127472 0.0762853
391313 0.284894 -0.0574245
568399 -0.0758971 0.0750258
380537 -0.130045 -0.0936064
306564 -0.051884 0.228005
728242 -0.0458682 0.0533456
654229 0.208544 0.0909449
65588.9 -0.280283 0.100897
139820 -0.227955 -0.121104
63802 -0.287695 -0.0254572
540429 0.211714 0.136408
107600 -0.233521 0.11187
400980 -0.0217603 0.214595
106170 -0.232059 0.123296
948291 0.0223109 0.073383
523337 -0.0330168 0.165335
656698 0.0773196 0.179288
69445 -0.280145 0.0100155
248180 0.0767537 0.297175
534528 0.241448 0.0788052
345540 -0.142837 -0.0572053
1.01271e+06 0.0932185 -0.099805
527100 0.147599 0.196458
1.05841e+06 0.104515 0.0536762
518799 0.192518 0.167127
668064 0.0147676 -0.200428
395956 0.105178 -0.291165
95282.6 -0.253129 0.037958
2.99193e+06 -0.185733 -0.203059
5.32089e+07 0.223683 0.17742
5.49338e+07 0.147375 0.105328
6.09995e+07 -0.0117847 0.0767222
2.06666e+08 0.0883359 0.277933
1.11773e+08 -0.135089 0.225599
2.89839e+07 -0.0333024 0.0179659
1.80546e+08 0.120737 0.280964
1.49486e+07 0.212228 0.0385899
3.58134e+06 0.0259659 -0.241825
1.11383e+08 0.154182 0.201173
1.99081e+06 0.193623 -0.123424
2.60941e+06 0.0644992 -0.280411
2.99696e+06 -0.26623 -0.0303514
4.62422e+06 0.0960545 -0.115637
1.11576e+06 0.200975 -0.189622
1.53175e+08 0.0664341 0.186394
2.64235e+07 0.113038 0.0264383
3.49469e+07 0.0293418 0.0293875
1.53339e+06 0.150474 -0.242156
1.51396e+08 -0.0469564 0.191674
3.7748e+06 0.194529 -0.0707924
3.45681e+06 0.259919 -0.0283675
7.30299e+07 -0.121949 0.142256
2.92993e+06 -0.17135 -0.252496
3.42955e+06 -0.0290764 -0.296145
7.47223e+07 0.209411 0.211153
1.0538e+06 0.276464 -0.0960596
2.47703e+07 0.256296 0.126646
1.99715e+08 0.0933888 0.269717
1.29616e+07 0.186569 0.0104962
3.57167e+06 -0.2495 -0.0333005
1.42484e+08 0.114277 0.203799
5.58114e+06 -0.120177 -0.111076
4.00346e+06 0.134745 -0.105436
1.25681e+08 0.00652263 0.150421
4.19974e+07 0.236948 0.16378
3.78985e+06 0.0769041 -0.157224
3.56576e+06 0.23329 -0.0472051
3.90267e+06 -0.132115 -0.208364
2.0884e+08 -0.0467649 0.272728
8.30178e+06 -0.106979 -0.0665929
2.12134e+07 -0.109865 0.0174104
589465 0.280716 -0.140462
1.0125e+07 -0.0578793 -0.0634872
3.26196e+07 -0.240177 0.193743
4.59592e+06 -0.0503604 -0.204397
8.31712e+06 -0.154192 -0.0386484
4.45611e+07 0.108509 0.0665109
2.67793e+06 0.228838 -0.0703558
2.79878e+07 -0.240312 0.169606
5.31394e+06 -0.183568 -0.0626022
1.43345e+06 0.156696 -0.243905
1.5485e+08 -0.0304725 0.187769
2.87972e+06 -0.173205 -0.254985
4.24024e+07 0.136261 0.0749028
3.59333e+07 -0.0696079 0.0445295
2.25009e+06 0.126175 -0.196563
3.50335e+06 0.0912054 -0.156419
1.7382e+08 -0.0479679 0.218403
1.59345e+07 0.0594639 -0.0256523
7.8823e+06 -0.120438 -0.065203
1.62818e+07 -0.197988 0.0561421
1.38841e+06 0.188807 -0.174374
7.95287e+07 0.205277 0.215876
6.29091e+06 0.123297 -0.0740806
2.17736e+07 -0.172659 0.0601284
2.71839e+07 0.0225213 0.00967678
1.05016e+07 -0.0447404 -0.0625579
1.04643e+08 -0.017174 0.131644
2.50767e+06 -0.207149 -0.217956
9.76503e+07 0.147394 0.172777
2.38787e+06 -0.210636 -0.229308
9.33889e+06 0.0199259 -0.0739623
5.17001e+07 0.00409906 0.0609547
9.39147e+06 0.0618928 -0.0652705
7.374e+06 0.0193558 -0.0966268
1.16273e+08 0.171978 0.238512
9.81375e+07 0.0607053 0.126591
2.36866e+08 0.0432278 0.30571
5.21164e+07 0.0905562 0.0735649
1.80976e+07 0.217292 0.0576929
3.6232e+06 0.0543151 -0.195607
2.14112e+07 -0.128606 0.0280474
4.44981e+07 -0.148467 0.108924
1.8033e+08 -0.0635587 0.241423
1.47559e+06 -0.279952 -0.133789
3.68944e+06 -0.0225022 -0.274582
7.3907e+07 -0.139304 0.160166
1.14587e+07 0.292257 0.0952759
1.14794e+07 -0.281071 0.126606
2.87797e+07 -0.194295 0.107763
1.36744e+06 0.173427 -0.210804
6.88506e+06 -0.141345 -0.0672123
1.06955e+08 0.116121 0.160684
1.89411e+07 -0.116875 0.0114988
3.66173e+06 -0.147094 -0.208698
1.97541e+07 -0.161971 0.0430707
6.29612e+06 -0.27639 0.0569582
5.37858e+06 0.225979 -0.0246186
7.26574e+06 0.00510406 -0.100595
1.49608e+06 0.264578 -0.0817066
2.54355e+07 0.110165 0.0225028
6.97514e+06 0.134665 -0.0608537
2.84781e+06 -0.190908 -0.211326
5.2077e+06 -0.271742 0.0327013
4.90746e+07 -0.0699577 0.0716111
1.55496e+07 0.08871 -0.0203639
1.61287e+06 0.136029 -0.265743
666750 0.253555 -0.168618
2.09122e+08 0.0684842 0.256529
9.4374e+06 -0.285869 0.112352
2.76847e+06 0.21589 -0.0778892
2.08293e+08 0.00206125 0.237458
4.15904e+06 -0.0547525 -0.244384
1.59277e+06 -0.268611 -0.158391
3.84802e+06 -0.105997 -0.249706
1.05872e+08 -0.155657 0.258106
1.87474e+06 -0.260261 -0.124452
1.22453e+06 0.297659 -0.0649206
2.37938e+08 0.0201967 0.289998
4.54766e+07 0.155148 0.0921855
4.69583e+06 -0.0422152 -0.195101
2.22136e+06 0.253811 -0.0633568
1.12204e+07 0.146846 -0.0212961
2.31728e+07 0.154684 0.0353
3.85208e+06 -0.202774 -0.0849851
3.12359e+06 0.0450751 -0.259051
4.06318e+06 0.171042 -0.0808403
1.91164e+07 0.163119 0.0252938
1.72016e+07 0.138764 0.00533291
2.4006e+06 0.138828 -0.162141
2.2695e+08 -0.0129617 0.274206
7.25051e+06 -0.209767 -0.00576138
2.61529e+07 -0.132632 0.0475057
2.37431e+06 -0.24475 -0.102827
4.6135e+06 -0.0310453 -0.199025
4.51535e+07 -0.182912 0.14616
3.75798e+06 0.0944236 -0.142279
1.84247e+06 0.19946 -0.125175
3.67916e+06 0.0706863 -0.16987
2.12641e+08 0.031077 0.242746
1.56728e+08 -0.111094 0.28703
7.68787e+06 -0.0974358 -0.0794031
1.12426e+07 0.0394328 -0.05565
3.3249e+07 0.0559702 0.0285886
1.30829e+08 -0.13636 0.285121
1.38526e+08 -0.123952 0.266205
730358 0.286941 -0.113574
1.91957e+07 -0.0537805 -0.010398
3.57646e+06 -0.068072 -0.289512
3.5929e+06 0.071606 -0.174049
2.75617e+07 0.16586 0.0553686
3.92537e+06 0.12029 -0.117108
6.56833e+07 -0.00366603 0.0826
4.33959e+06 0.00876607 -0.194223
5.78193e+06 0.159957 -0.0613886
1.16544e+07 0.250612 0.0512875
2.31683e+06 0.119664 -0.202635
4.06153e+06 0.204503 -0.0588327
1.01241e+07 -0.161253 -0.0154761
3.87101e+07 0.215613 0.127009
4.29628e+06 -0.0672929 -0.230295
8.15439e+07 0.0564818 0.106247
4.14004e+06 -0.082466 -0.239015
5.42501e+07 -0.205861 0.212331
4.68589e+06 -0.260686 0.00863967
8.8333e+07 -0.00842721 0.111888
6.79659e+07 -0.17878 0.201207
1.61115e+07 -0.106304 -0.00693149
1.85693e+07 0.197586 0.0447401
8.53662e+06 -0.0412388 -0.0833342
2.04238e+08 0.092647 0.28022
8.26536e+07 0.144427 0.148054
3.85134e+07 0.10593 0.0533824
7.43739e+06 0.266372 0.0312356
9.81891e+06 -0.277151 0.102754
9.19466e+06 -0.117027 -0.051314
1.77057e+08 0.0846857 0.223491
4.92101e+07 -0.15908 0.129792
4.40626e+06 -0.107361 -0.189693
5.5636e+06 -0.0695658 -0.14002
7.55167e+06 -0.0561465 -0.0947693
1.76186e+06 0.185382 -0.14553
2.64637e+07 -0.180809 0.0855879
9.6679e+07 -0.163189 0.249625
3.02809e+06 -0.200534 -0.146411
3.33283e+07 0.116973 0.0459932
2.37532e+08 -0.00409624 0.30268
2.46125e+07 0.211011 0.0784974
3.67808e+06 -0.171878 -0.146917
3.49068e+06 -0.0322989 -0.292847
2.53939e+06 0.0489737 -0.306851
8.34703e+06 0.239143 0.0161022
1.45482e+07 0.176613 0.012856
3.53214e+06 0.0319458 -0.238354
2.92647e+06 0.114729 -0.160344
7.83807e+06 0.121898 -0.0581188
4.1669e+06 -0.163182 -0.125827
2.21062e+07 0.203995 0.0635913
1.4992e+08 0.135964 0.241153
4.47096e+06 -0.266196 0.0110171
5.33305e+06 -0.15774 -0.0866604
1.06517e+08 0.158996 0.199142
997346 0.247196 -0.13206
2.17539e+06 -0.296321 -0.0214754
2.5443e+06 0.213618 -0.0858564
702546 0.238643 -0.19067
3.5111e+06 0.21357 -0.0626838
6.61474e+06 -0.164422 -0.0544535
2.00558e+06 -0.24203 -0.178716
2.93696e+07 0.258601 0.149625
6.47478e+06 -0.00131147 -0.115535
2.34559e+08 0.0493894 0.303105
1.69861e+08 0.01589 0.193651
2.15974e+08 0.0717472 0.27386
6.17508e+06 -0.10694 -0.103311
5.52251e+07 -0.146281 0.130703
4.14303e+06 -0.135162 -0.174491
920527 0.209974 -0.207664
4.87872e+06 0.110698 -0.10186
6.64571e+07 -0.114809 0.125633
1.8071e+06 0.181444 -0.147249
1.4465e+06 -0.287584 -0.108582
1.36329e+08 0.150781 0.240528
2.2933e+07 -0.148141 0.0462001
3.41237e+06 -0.03499 -0.299007
2.41326e+06 -0.222126 -0.1728
7.7142e+06 -0.0941709 -0.080412
3.53278e+06 0.23386 -0.0474094
2.6178e+07 0.2119 0.0847594
4.53391e+06 -0.0913556 -0.193703
7.49513e+06 -0.0885899 -0.0860644
2.59598e+07 0.225293 0.0964111
1.96327e+06 0.0951525 -0.300094
1.24361e+07 -0.232922 0.0675545
1.41626e+07 0.11588 -0.0180322
5.84724e+06 0.0815197 -0.0995526
9.47327e+06 0.287577 0.0725109
3.68052e+06 0.189079 -0.0763312
2.75602e+07 -0.0846545 0.0280272
1.58714e+08 0.0678911 0.192835
2.83942e+07 -0.132086 0.0543375
2.93559e+07 -0.0382155 0.0198552
2.59303e+06 0.0487636 -0.302539
2.80431e+06 -0.18493 -0.237463
2.19051e+08 -0.0376223 0.284984
4.15073e+06 -0.190717 -0.088888
1.74612e+07 -0.111489 0.00212429
2.2689e+06 0.308967 -0.012449
3.38984e+06 0.0558423 -0.214344
2.18813e+06 0.146499 -0.166719
3.39085e+06 -0.144788 -0.247449
3.55509e+06 -0.262125 -0.0172376
3.04535e+06 0.101359 -0.17033
6.15992e+06 -0.143503 -0.0790575
1.69729e+07 0.287607 0.128735
3.92528e+06 0.197633 -0.0658938
1.68195e+06 0.165463 -0.182771
2.29838e+07 -0.0816833 0.012161
3.79653e+07 0.221354 0.131227
5.89243e+07 0.202408 0.162513
3.46699e+06 0.0811313 -0.169986
6.50983e+07 0.101959 0.0980777
2.24357e+06 -0.239409 -0.134974
2.18079e+06 0.108133 -0.247225
4.07061e+06 0.0427653 -0.177774
5.77227e+07 -0.153699 0.143311
7.56509e+07 -0.0291421 0.099883
2.29878e+07 0.193793 0.0591525
2.13304e+07 -0.0982971 0.0126123
1.31074e+08 -0.0222188 0.160552
3.64179e+06 -0.152769 -0.19794
2.60792e+06 -0.211599 -0.176911
3.92916e+06 -0.198786 -0.0871967
4.76049e+07 0.133441 0.083706
1.51656e+08 -0.113788 0.27679
8.62592e+07 -0.0256685 0.112394
1.51708e+08 -0.0370956 0.187183
3.64726e+06 -0.154958 -0.191682
1.53566e+08 -0.0347007 0.18813
1.1381e+07 -0.149781 -0.0128548
3.97293e+07 0.0960688 0.0524812
4.92941e+07 0.212505 0.151735
1.19596e+07 -0.182535 0.0153044
1.49912e+06 0.230907 -0.112802
2.24997e+07 -0.181014 0.0703383
8.66585e+06 -0.0434122 -0.0814745
7.14402e+07 -0.081178 0.112775
1.98101e+07 -0.070683 -0.00340585
1.42106e+08 -0.0441764 0.180082
3.77727e+07 0.105577 0.0516723
4.32771e+06 -0.0733805 -0.225294
3.91382e+06 -0.0515839 -0.264894
4.59554e+06 -0.137422 -0.135951
2.88569e+06 0.089309 -0.203172
2.82467e+06 0.0276942 -0.305114
4.56242e+06 -0.0304084 -0.203084
2.22571e+06 -0.31058 0.0037999
1.14495e+07 -0.225887 0.0519982
