2.77738e+07 -0.263884 0.0749902
3.22855e+08 0.0572855 -0.280776
1.46671e+08 -0.0184535 0.0398376
3.22014e+08 -0.0459036 -0.0976595
1.04004e+08 0.11631 0.0627501
6.13046e+08 -0.0572927 0.217531
8.46081e+08 -0.0478091 0.248354
1.4491e+08 0.0108392 0.0452821
1.84754e+08 0.0976995 -0.0542405
2.28324e+08 -0.0993496 -0.0641932
5.30381e+07 -0.215463 0.0919539
1.36994e+08 -0.148046 0.12905
8.73171e+07 -0.258775 -0.13093
2.61542e+08 0.0727039 0.141876
1.18515e+09 0.0240725 0.280521
3.53199e+07 0.252493 0.0879832
2.88401e+07 -0.282966 -0.000900352
1.1255e+09 -0.0208549 0.276102
1.11877e+08 -0.232121 -0.116123
9.50904e+07 0.176732 -0.0449236
1.29118e+08 0.071609 0.0631871
1.18645e+09 0.0595233 0.288643
1.10309e+08 -0.197135 -0.0521116
2.71133e+08 -0.0128616 -0.0638698
4.43901e+08 0.0196554 0.177962
4.10251e+08 -0.0314314 -0.160661
1.92396e+08 -0.177035 -0.121871
1.01088e+08 -0.188886 -0.0296565
9.61823e+07 0.193711 -0.0738709
3.4591e+08 -0.0721074 -0.12669
9.42957e+07 -0.143559 0.0778963
3.33429e+08 0.0504879 -0.125811
7.2341e+07 -0.234668 0.149138
5.8178e+08 -0.0348356 0.206454
8.20082e+07 0.14651 0.0494982
9.69414e+08 -0.0550542 0.267355
1.44368e+07 0.308818 -0.0152855
1.95566e+08 0.154758 -0.153912
3.97005e+08 -0.0734245 -0.198731
1.49572e+08 -0.0845056 0.097919
4.0208e+08 -0.0522401 -0.240917
1.88305e+08 -0.199786 0.199009
1.0291e+08 -0.225124 -0.0843693
1.81943e+08 -0.142103 0.150266
1.04974e+09 -0.0684517 0.284473
1.61028e+08 0.169737 -0.132971
5.86283e+07 -0.229062 -0.00875517
6.21657e+07 0.211997 -0.0364191
8.64597e+07 0.222664 -0.117071
4.24084e+08 0.0793263 0.184316
3.00026e+08 -0.0999131 0.169711
6.97041e+07 -0.180023 0.0750088
3.88562e+08 0.0424569 -0.228489
9.42163e+07 -0.181558 -0.0116287
2.43717e+08 -0.126941 -0.0988435
1.89149e+07 0.284085 0.00689515
2.45536e+08 0.101056 0.145851
2.11534e+08 -0.184438 0.195462
5.57438e+07 0.259128 0.13554
1.38256e+08 -0.229529 -0.198416
1.44482e+08 0.0137788 0.0455912
4.17667e+08 -0.0449305 -0.181746
7.20567e+07 0.21941 -0.0733474
1.87689e+07 0.290827 0.0740853
1.77833e+08 -0.0916744 0.120089
5.28144e+08 0.124215 0.223888
1.77205e+08 -0.184449 -0.116658
1.00125e+08 -0.140572 0.0860225
1.52796e+08 0.184927 -0.233521
4.2075e+08 -0.0111419 -0.232861
8.40526e+07 -0.200391 0.127582
1.60253e+07 0.291418 0.0399593
1.03964e+08 0.11103 0.0500547
5.8115e+07 0.238665 -0.0768996
1.2286e+08 0.19024 -0.114793
1.22682e+09 -0.00509498 0.285508
1.57814e+07 0.304627 -0.0190708
5.92577e+07 -0.268578 -0.0757242
3.91517e+08 0.0505879 0.170636
2.51301e+08 -0.116817 -0.0943794
1.50692e+08 0.224655 0.184245
2.89235e+08 -0.0816341 -0.0933274
1.82207e+08 0.0250662 0.0996861
3.07028e+08 0.0956123 -0.170306
1.56483e+08 -0.163289 0.151981
1.34281e+08 -0.0696757 0.0681321
6.45156e+08 0.147029 0.261768
4.00104e+08 -0.0675959 -0.22076
1.7678e+08 0.103238 -0.0524081
1.39996e+08 -0.0461594 0.0488178
3.14467e+08 0.0515027 -0.112247
1.09466e+08 0.217447 -0.189678
1.20254e+08 0.207843 -0.230681
3.85282e+08 -0.0330635 -0.267268
1.57696e+08 0.180323 -0.16302
7.19132e+08 0.118992 0.254134
9.16285e+07 -0.142848 0.0483875
3.50889e+07 -0.255674 0.0215968
3.63368e+08 0.0560678 -0.242148
9.42279e+07 -0.171973 0.111426
3.03747e+08 -0.13444 -0.208337
4.09314e+07 0.21947 0.0389267
1.44649e+08 -0.123472 0.117513
3.71241e+08 -0.0747039 -0.253013
9.47138e+08 -0.01363 0.253323
1.57484e+08 0.0542199 -0.000584034
1.4954e+08 -0.0332052 0.0730135
1.01738e+08 -0.204625 -0.0504338
6.48191e+07 0.17957 0.015664
1.33369e+08 -0.129405 -0.00878131
9.09886e+08 0.0130973 0.247123
6.63518e+07 0.171604 0.0377254
6.4038e+07 0.25399 -0.145498
3.14051e+07 0.246055 0.0599869
8.61068e+08 -0.100931 0.278339
1.92173e+08 0.0845543 -0.0495758
4.5924e+08 0.161691 0.235163
3.89685e+08 0.0243959 -0.153644
1.49248e+08 -0.20152 -0.111832
5.55255e+08 0.00629349 0.197549
2.31118e+07 0.298868 -0.0657058
1.42458e+07 0.299259 0.0272852
5.50924e+07 0.224686 -0.0405729
1.37539e+08 -0.201189 -0.0943198
1.97341e+07 0.279828 0.0120941
2.24782e+07 -0.280344 0.0790869
1.90734e+08 -0.0661623 0.116394
9.5075e+07 -0.204464 0.142896
4.50136e+07 0.237425 0.0943469
1.21888e+08 -0.110747 0.0874364
2.51052e+08 0.171599 0.185169
2.86581e+07 0.279953 -0.053858
1.42637e+07 0.303244 0.0597808
1.43821e+08 0.163894 -0.0941361
1.0764e+08 0.187297 -0.0819388
9.11355e+07 0.151603 -0.00338892
2.77265e+08 0.000363987 -0.0684443
2.86301e+08 0.106539 -0.166864
8.98134e+07 -0.223505 -0.0596206
3.44048e+07 -0.256215 0.0238049
7.39133e+08 -0.00976182 0.225899
6.08646e+07 0.255584 -0.135821
1.93523e+08 0.0462051 0.109271
7.75711e+07 -0.16483 0.0519649
1.00615e+08 0.222943 -0.17168
4.01994e+07 0.254053 -0.0496045
1.13824e+08 -0.124471 0.089541
8.26189e+07 0.201524 0.115022
4.62023e+07 -0.224034 0.0832845
4.05275e+08 -0.00485766 -0.154096
1.38192e+09 -0.0344218 0.311098
9.476e+07 -0.136937 0.0606316
1.85084e+08 -0.141572 0.151401
1.52781e+08 0.140076 0.12462
1.43135e+08 0.0869456 -0.0073162
3.32969e+08 0.0619033 -0.137318
1.35806e+08 0.124278 -0.0332628
6.03568e+08 -0.0296017 0.208888
6.82209e+07 0.253119 0.14579
3.65067e+07 -0.278171 0.139175
8.92051e+07 -0.167379 0.100116
3.21425e+08 0.0945956 0.165755
1.5259e+08 0.205914 0.169004
4.12245e+08 -0.0548913 -0.185676
3.04802e+08 -0.0685876 -0.0960191
3.41795e+07 0.24266 0.00178226
8.36394e+08 0.0821912 0.252332
7.98415e+08 0.0512739 0.23738
1.44606e+08 0.0967039 -0.0169016
5.86016e+07 -0.264569 0.164571
9.97707e+07 -0.133183 0.0739317
4.11117e+08 0.143955 0.211361
3.8074e+08 0.0251015 -0.259341
2.54155e+08 -0.0804456 -0.0701094
2.62375e+07 0.291329 -0.0673328
1.37338e+08 0.0638686 0.0716297
1.37692e+08 0.11591 0.101756
5.22733e+07 0.270743 -0.157668
5.51194e+07 0.263743 -0.140069
2.76824e+08 -0.113805 -0.29307
7.99624e+08 -0.105513 0.27193
7.00904e+07 -0.2793 -0.14317
3.62898e+07 -0.259155 0.00981634
2.115e+08 -0.183248 -0.177855
4.24271e+08 -0.0109099 -0.226701
2.50466e+08 0.130129 -0.186576
6.48455e+08 0.0702011 0.220863
4.18445e+08 -0.0473545 -0.216852
3.86953e+08 0.00588641 0.166065
7.63096e+08 -0.124145 0.281309
6.56642e+07 -0.266117 -0.0881054
7.53711e+07 0.226136 -0.0962361
1.23358e+08 0.0761753 0.0494707
3.45966e+08 0.0766269 -0.190704
3.56054e+08 0.0356622 -0.272693
1.22665e+08 0.139201 -0.0343958
1.48177e+08 -0.0380939 0.0728327
8.02164e+07 -0.203461 -0.0162361
8.87023e+08 -0.0337342 0.249664
2.21238e+08 0.0662772 -0.0583735
2.12683e+08 -0.146032 -0.0946631
2.0549e+08 -0.185633 -0.171496
1.89137e+07 0.287686 0.0687624
1.32697e+07 0.305465 0.0149803
6.85278e+07 -0.277265 -0.128258
1.23209e+08 -0.216263 0.176947
4.50262e+08 0.14127 0.218434
3.3781e+08 -0.0998881 -0.149796
3.87693e+07 0.257466 -0.0511736
4.70602e+08 0.122713 0.211753
2.44804e+07 -0.277831 0.0358965
3.25287e+08 0.00220168 -0.306939
2.44289e+08 0.128827 -0.161874
6.94472e+07 0.171173 0.0180774
3.00525e+08 0.095651 -0.158965
3.29037e+08 -0.0429253 -0.10115
2.26547e+07 -0.279773 0.0790509
1.6037e+08 -0.215163 -0.201883
1.70624e+08 -0.0666102 -0.00627872
1.24148e+08 0.197231 -0.137363
2.70805e+08 -0.152285 -0.192797
3.40695e+08 -0.00252619 -0.298458
2.02463e+08 0.195263 0.184339
1.06864e+08 0.202326 -0.112205
3.26291e+08 -0.0463724 -0.100443
5.90884e+07 0.250432 -0.110094
8.38459e+08 0.0244418 0.238635
7.78639e+07 -0.199521 0.119087
1.4449e+08 -0.0258249 0.0554057
3.3385e+08 -0.0443851 -0.104578
2.86644e+07 -0.281176 0.00321513
3.51041e+08 -0.142764 0.209031
4.28974e+07 -0.247278 0.00622774
4.24346e+08 -0.0389851 -0.212254
1.24454e+07 0.310913 0.0559352
3.46401e+08 -0.0571001 0.165958
1.35785e+08 -0.154495 -0.0332423
1.62044e+08 -0.00741232 0.0137528
3.19371e+08 -0.178814 0.230266
2.53612e+08 -0.156488 -0.162884
1.2727e+08 -0.229688 -0.145161
3.52462e+08 0.0718698 -0.186428
4.41063e+07 -0.248924 -0.000377246
2.89877e+08 0.0414262 0.1441
4.14867e+08 0.0351227 0.173357
2.91598e+07 -0.269327 0.101157
1.13017e+08 0.159386 -0.047012
1.43128e+08 0.021353 0.0463212
6.36542e+07 -0.280322 -0.11956
9.01984e+07 0.156889 0.0850657
9.56029e+07 0.126966 0.0280359
3.50341e+08 0.0433213 -0.133329
2.55036e+08 -0.15453 -0.158988
4.24069e+08 -0.000355214 -0.182883
5.09502e+08 -0.102512 0.219323
6.47858e+07 0.197557 -0.0183261
2.07499e+08 0.00603225 -0.0261296
6.53507e+07 -0.215391 -0.00417294
1.60092e+08 0.17867 -0.162456
2.19819e+08 -0.137783 -0.0910984
4.42167e+08 0.111608 0.200368
8.85668e+07 -0.225805 -0.0611327
3.63637e+08 -0.0388488 -0.122699
9.28774e+07 -0.171942 0.00133325
2.25882e+08 -0.187636 0.204458
3.20424e+08 -0.015797 -0.0924196
6.13645e+07 0.182046 0.0255826
4.08131e+08 0.000757031 -0.245807
3.48466e+08 -0.0787903 0.173634
2.86526e+08 -0.121908 0.177164
1.59609e+08 -0.0918461 -0.00854853
2.08635e+08 -0.0390002 -0.0274274
1.31742e+08 -0.179774 -0.0561863
3.62879e+08 0.0378006 -0.139323
1.05159e+08 0.192584 -0.0875969
6.15275e+07 -0.249635 -0.0465366
9.93661e+07 0.156149 -0.0233887
2.79381e+08 0.0557075 -0.0908926
7.00349e+07 -0.186826 0.0900187
1.41902e+08 0.225429 0.179805
2.85741e+08 0.196943 0.217272
3.08579e+07 -0.255668 0.0748861
8.19485e+08 -0.0615445 0.249787
5.86078e+08 0.148596 0.251629
6.3048e+07 0.257386 -0.157773
9.4796e+07 -0.251497 -0.129603
3.88808e+08 0.0436871 -0.224947
2.26034e+08 -0.15381 0.176956
3.23937e+08 -0.105772 -0.26092
8.01223e+07 -0.183403 0.104644
1.08141e+08 -0.143727 0.00912131
2.10408e+07 -0.29474 0.0212282
1.02178e+08 -0.125095 0.0514507
1.40576e+08 0.0945841 0.0924123
1.39312e+08 -0.137574 -0.0215553
1.11091e+08 0.101024 0.0317425
3.17917e+08 0.0697257 -0.133031
6.89588e+07 -0.189262 0.091295
7.15554e+07 0.176034 0.0750304
3.4423e+08 0.0714098 -0.166492
2.83738e+08 0.0868194 -0.280424
7.03113e+07 -0.276136 -0.131321
1.01455e+09 0.110251 0.293557
4.25587e+08 0.178344 0.241306
1.59741e+08 0.180248 -0.234836
5.15073e+07 -0.225702 0.0148874
4.20746e+08 -0.0292446 -0.230472
1.12546e+08 -0.159347 0.118785
2.64299e+08 0.0262243 -0.0668112
1.46021e+09 0.00415145 0.312208
1.30039e+08 -0.161856 -0.0345299
9.48048e+07 0.230905 0.151447
1.71366e+08 -0.208321 -0.207064
8.34378e+07 -0.237487 0.164713
8.38273e+08 -0.0399543 0.244919
3.3855e+08 0.0769721 -0.233114
2.83547e+08 0.111608 -0.183152
3.5637e+08 0.0474055 -0.261923
1.82518e+08 -0.140783 -0.0629254
2.78645e+08 0.0392765 -0.0809529
8.26981e+07 0.219341 -0.0985769
4.16516e+07 0.250954 -0.0486699
1.15023e+09 -0.0439949 0.285937
1.98752e+09 -0.285763 0.0709863
2.0534e+09 0.0572967 0.192625
5.21315e+09 -0.263451 0.00825297
9.78722e+09 -0.193745 0.0242339
5.80839e+10 -0.0520325 -0.145346
4.10689e+10 0.114693 -0.121477
1.20715e+09 0.0434981 0.222737
9.42297e+09 -0.070234 0.0953591
4.60138e+10 0.00511195 -0.28213
3.52511e+09 0.151246 0.129294
1.27665e+10 0.247327 -0.171735
2.41651e+09 -0.110261 0.173163
3.32997e+10 0.110738 -0.280742
3.99229e+09 -0.188456 0.104366
2.45852e+10 0.0562842 0.0114549
2.71077e+09 -0.21231 0.115293
1.9281e+09 0.183093 0.150452
4.38016e+09 -0.159616 0.115123
1.00462e+10 -0.0842018 0.0866328
3.7491e+10 0.126127 -0.114222
2.18165e+10 -0.158773 -0.036271
1.21007e+10 0.00454462 0.0842678
1.74396e+10 0.123855 0.0139534
4.96915e+10 0.0838102 -0.135274
4.60043e+10 0.0915601 -0.226539
5.08941e+10 0.0185768 -0.0842208
4.45922e+10 -0.115485 -0.136514
1.28898e+10 -0.0670627 0.0716086
3.56577e+10 -0.131057 -0.091225
2.11877e+10 0.0950801 0.0106573
1.83736e+10 0.133623 0.000859371
4.41606e+10 -0.116293 -0.133667
3.86699e+10 -0.143118 -0.179958
2.66738e+10 0.178698 -0.192224
6.52952e+09 -0.213809 0.0441417
6.13159e+09 -0.122115 0.109407
8.06998e+08 -0.0992014 0.234767
6.94384e+08 0.280286 0.142418
9.76236e+09 0.264336 -0.128648
6.07928e+10 -0.000374147 -0.204972
3.98922e+09 -0.247377 0.0544248
3.90641e+10 0.102822 -0.0868006
4.45298e+10 0.0656805 -0.264638
1.59459e+10 -0.230173 -0.109975
2.66728e+09 -0.0992129 0.170625
3.49335e+10 0.0641336 -0.0357269
6.7787e+09 0.0481745 0.12152
4.11478e+10 -0.133602 -0.16072
5.8636e+10 -0.00928244 -0.121462
3.43689e+09 0.268563 0.0314471
7.27628e+08 0.16921 0.212798
1.16898e+09 0.238349 0.144504
2.67648e+10 -0.016841 0.0119478
1.23352e+10 0.0133344 0.0822912
2.31266e+10 0.0846787 0.00640559
2.72997e+08 0.0454061 0.292743
9.27693e+08 -0.267376 0.143537
9.27153e+09 0.260365 -0.0940675
2.69081e+10 -0.159128 -0.0724404
5.39591e+10 -0.0757834 -0.142889
1.5322e+10 0.232128 -0.183377
3.66858e+08 0.0828543 0.273578
5.27296e+10 -0.0828853 -0.145367
7.06476e+09 0.260565 -0.0421718
5.14319e+10 -0.0652379 -0.107478
6.85905e+08 0.249633 0.168447
4.07e+10 0.0582101 -0.286758
5.4522e+10 -0.0166992 -0.244849
1.73238e+09 0.146656 0.175337
4.45223e+08 -0.029601 0.272944
1.3272e+10 -0.165022 0.0186689
3.0931e+10 -0.172496 -0.173985
4.27138e+09 -0.285258 -0.00259073
3.72091e+10 0.116211 -0.250098
3.70403e+10 -0.133873 -0.237134
5.45861e+09 -0.258608 0.0100269
1.32719e+10 0.0145841 0.0763699
6.12842e+10 -0.00723758 -0.1438
2.44646e+10 -0.196461 -0.199633
7.59533e+08 0.28523 0.132011
1.39162e+10 -0.240042 -0.103093
3.41973e+10 -0.0562163 -0.0253
1.89819e+10 -0.223007 -0.165708
7.38518e+08 0.144641 0.222277
7.25925e+09 -0.267696 -0.0415447
5.43632e+10 -0.0375965 -0.239
2.88673e+10 0.117199 -0.0452303
9.8825e+09 0.255136 -0.0928397
2.03346e+09 -0.0102061 0.198384
3.05303e+10 -0.170447 -0.206634
1.62347e+10 0.225476 -0.202282
3.49301e+10 0.13201 -0.104201
5.047e+09 0.107027 0.125089
4.0728e+10 0.0802549 -0.27142
1.372e+09 0.109345 0.202068
2.82477e+09 0.198601 0.115425
3.52723e+09 -0.174128 0.121941
2.46874e+08 -0.0138033 0.30004
3.31296e+09 0.200671 0.102563
3.31344e+09 0.304748 -0.0245252
7.23303e+09 -0.0615995 0.116318
3.92145e+09 -0.311948 -0.0438593
2.52178e+10 0.160759 -0.0774143
2.75699e+10 -0.055323 0.00188746
4.47513e+10 -0.0894441 -0.250575
3.4002e+10 0.0935347 -0.293095
3.4019e+10 -0.011924 -0.0160185
5.59708e+09 -0.162246 0.0959575
5.75574e+10 -0.0619289 -0.166082
5.75272e+08 0.105724 0.247172
5.06682e+10 0.0604724 -0.236271
2.90667e+10 0.163125 -0.221349
2.74371e+10 -0.183447 -0.140157
4.47753e+10 0.0143164 -0.057909
5.04915e+09 0.176302 0.0886589
2.97009e+09 -0.189596 0.124313
1.40712e+10 -0.24821 -0.191231
4.13258e+10 -0.081472 -0.275147
2.52306e+08 -0.0940052 0.290515
1.27124e+10 0.166892 0.0132126
5.76447e+10 0.0410353 -0.138001
1.37854e+10 0.0344232 0.0709122
1.23717e+10 0.0229103 0.0811944
3.5196e+09 -0.081733 0.158575
1.77901e+10 -0.228397 -0.156053
4.52768e+10 0.0931098 -0.114184
4.45847e+10 -0.10451 -0.231577
2.18745e+10 0.0074372 0.032723
1.68667e+10 0.216935 -0.114783
3.52335e+10 0.0670496 -0.3052
2.12694e+10 -0.207421 -0.126615
4.06108e+10 -0.0955796 -0.266741
1.59743e+09 0.235477 0.126433
2.88385e+10 0.17096 -0.16333
3.40902e+10 -0.0799665 -0.0354911
2.98571e+10 0.159309 -0.12045
1.00988e+09 -0.139532 0.211562
2.4484e+09 0.139053 0.158201
4.99567e+10 0.0277947 -0.260793
9.24052e+08 0.280512 0.123449
6.60406e+08 -0.125608 0.237673
4.88362e+10 -0.103938 -0.165794
7.26511e+09 0.109911 0.0982312
5.41738e+10 0.0681789 -0.151656
2.11388e+09 0.258043 0.0858549
3.61658e+10 -0.152469 -0.180114
1.6671e+10 -0.197714 -0.0468323
4.64856e+09 0.301512 -0.0710763
2.79048e+10 -0.183068 -0.193408
8.3527e+08 -0.286036 0.133945
6.13971e+10 0.00406224 -0.197203
7.36261e+09 0.176812 0.0574766
1.23188e+09 -0.275169 0.117901
2.88569e+09 0.0352411 0.176663
1.56083e+09 -0.26586 0.109989
4.18448e+10 0.0832484 -0.0806869
5.47725e+09 0.202029 0.0618819
5.61331e+09 0.254322 -0.000710617
3.91607e+10 -0.0737007 -0.289982
4.51901e+10 0.0879015 -0.238158
1.88064e+10 -0.135836 0.00381875
4.02658e+10 0.00192245 -0.304335
1.24453e+09 -0.0833343 0.216276
8.91401e+09 0.252932 -0.0645714
1.22687e+10 -0.245479 -0.08712
1.87535e+09 0.193254 0.146059
3.86852e+10 0.133748 -0.17576
5.47211e+09 -0.210134 0.0631887
6.37497e+08 -0.170137 0.223489
5.31876e+10 0.0666778 -0.134984
5.13023e+10 0.073778 -0.213557
4.76174e+10 -0.0969551 -0.220689
2.98644e+10 -0.168767 -0.120425
6.23773e+10 -0.00313068 -0.162711
3.55934e+10 -0.116007 -0.272604
3.47458e+10 -0.143029 -0.105751
1.70857e+09 0.119253 0.186833
3.80574e+10 -0.0276266 -0.310882
3.5073e+10 0.00220387 -0.0199748
4.98725e+10 -0.0688319 -0.101653
2.91565e+09 0.267051 0.0489059
4.64795e+10 -0.0384746 -0.0683389
5.80043e+09 -0.241651 0.0255621
4.86906e+09 -0.25798 0.023007
1.50767e+10 -0.243055 -0.161948
1.99841e+10 -0.017821 0.0413239
4.38156e+09 0.121541 0.128772
2.90375e+10 0.159619 -0.111408
6.44233e+09 -0.292509 -0.0819006
3.932e+08 0.117069 0.262072
3.50253e+10 -0.134759 -0.251034
2.46514e+10 -0.195286 -0.141591
1.22922e+10 0.160612 0.0223375
1.5723e+10 0.223231 -0.114983
1.89191e+10 -0.209464 -0.0950542
7.35318e+09 0.178522 0.0562255
1.13098e+10 -0.00945357 0.0896169
2.99487e+10 0.0471353 -0.00832546
4.5773e+10 0.0893531 -0.231957
2.74066e+09 -0.168999 0.141402
8.2771e+09 -0.206335 0.0287365
5.01406e+10 -0.0494534 -0.254458
9.15231e+08 0.213653 0.176407
5.47649e+10 0.062879 -0.198675
2.68719e+10 -0.155551 -0.0668373
4.78708e+09 0.197045 0.0772576
1.92101e+10 -0.213905 -0.113122
3.60438e+10 0.136389 -0.217744
4.00499e+09 0.297388 -0.0353789
3.34451e+08 -0.0888237 0.278761
4.95946e+10 0.0913587 -0.167093
1.31981e+10 0.234152 -0.100178
1.20917e+09 0.0438337 0.22261
2.00221e+09 -0.305035 0.0460265
2.36277e+10 0.185813 -0.222893
2.88511e+10 -0.17566 -0.213301
5.40419e+09 0.294894 -0.0816258
2.34003e+09 0.175906 0.142441
3.95215e+10 -0.134948 -0.209121
3.08626e+10 -0.145068 -0.0794311
1.57889e+10 -0.0813498 0.0498969
1.66119e+09 0.257464 0.104477
6.36958e+09 -0.0508884 0.126867
3.40548e+09 -0.155242 0.13436
6.56115e+08 -0.215352 0.19969
5.31331e+10 0.036718 -0.241019
2.86881e+10 -0.116001 -0.0348266
2.84269e+09 -0.0692556 0.173846
2.32948e+09 0.127842 0.165832
5.28692e+10 0.0112035 -0.0915655
6.59132e+09 -0.105411 0.110737
2.29747e+09 0.291102 0.0393652
4.43918e+08 0.0158263 0.273236
4.68704e+10 0.097278 -0.205172
5.51799e+08 -0.00652718 0.26369
3.49774e+09 0.115413 0.145799
1.04286e+10 0.234698 -0.0522844
5.79847e+08 0.264396 0.166958
1.09864e+10 0.160764 0.033456
5.48191e+09 0.267212 -0.0189074
4.2684e+09 -0.0249277 0.155226
2.55316e+08 0.0437139 0.295898
2.52988e+09 0.217189 0.109275
2.00163e+10 0.181339 -0.06734
2.76727e+09 0.0741609 0.172392
8.03563e+09 -0.16877 0.0629993
1.1247e+09 0.144476 0.200314
5.18599e+10 0.0793337 -0.151787
6.42739e+09 0.0270211 0.128131
6.66486e+09 0.238297 0.00269726
8.72576e+09 -0.229789 -0.00416875
2.28984e+10 -0.111862 -0.00245215
3.96216e+09 -0.286328 0.00436876
3.78991e+09 0.0503435 0.15846
2.19844e+10 0.193662 -0.221204
3.13774e+10 0.115248 -0.286628
5.75796e+10 -0.0561507 -0.146455
4.47154e+08 0.216069 0.21406
5.68791e+08 -0.218225 0.205722
3.16883e+09 0.159001 0.13224
8.05056e+09 -0.251163 -0.0260357
7.70418e+09 -0.175456 0.0618188
1.38768e+10 -0.249754 -0.158536
5.14195e+10 -0.00995126 -0.260101
1.81795e+09 -0.136502 0.180581
3.22865e+09 -0.150053 0.140297
1.80804e+10 -0.227463 -0.167488
4.20312e+09 -0.0167096 0.15657
1.02242e+09 -0.0441454 0.232127
2.11784e+10 -0.206054 -0.11922
1.38144e+10 0.0558182 0.0662996
2.66526e+10 -0.17815 -0.235345
1.1689e+10 0.0653931 0.0774425
3.47639e+09 -0.0726019 0.161315
1.61288e+10 -0.208914 -0.0600277
2.76683e+09 -0.232896 0.0977018
6.23405e+10 -0.0151593 -0.17062
2.20011e+09 -0.269956 0.0802209
1.97686e+10 0.0445954 0.0369867
5.69977e+10 0.0169606 -0.228628
3.58217e+10 0.100752 -0.277416
1.1821e+10 0.114624 0.0569879
1.25487e+09 -0.0108962 0.223699
1.05888e+10 0.0924297 0.076297
3.27804e+10 -0.156675 -0.11952
4.42485e+10 0.035524 -0.282312
9.02109e+09 0.269521 -0.124866
8.0623e+09 -0.0660957 0.107731
3.08615e+09 0.221307 0.0912752
1.05888e+10 0.120767 0.0632368
4.26741e+10 0.118721 -0.176977
9.30184e+08 0.250193 0.149588
1.85742e+09 -0.242681 0.118054
2.63185e+09 -0.0379154 0.182634
9.72308e+09 -0.103881 0.082328
2.40585e+10 -0.2001 -0.16615
4.1226e+09 0.288363 -0.0207255
21095.3 0.252959 -0.0306021
121005 0.139707 -0.0980884
89381.2 0.102123 -0.0719304
48001.8 0.0509039 -0.0332386
202527 0.151669 -0.13879
521052 0.0388344 -0.208624
816.924 0.219446 0.144308
11233.6 -0.300967 -0.0538945
7873.83 0.307316 0.00107249
601.14 0.234017 0.158348
125.559 0.0497694 0.230328
4725.3 0.17255 0.0705449
348879 0.0428306 -0.169413
916.806 -0.0347322 0.148171
28901.4 -0.167946 -0.0556247
154193 -0.152671 -0.183822
31839.8 0.252608 -0.055345
177411 -0.151175 -0.197622
2583.25 0.0744242 0.10575
210.04 0.0807804 0.205979
836024 0.12868 -0.282145
1484.68 -0.270497 0.134821
289.701 0.0412209 0.194771
1093.56 -0.217008 0.22611
1746.03 -0.125216 0.115047
11742.5 0.209307 0.017815
15384.7 -0.226876 -0.0380841
957.843 -0.196756 0.228469
5670.56 -0.138017 0.0504027
115015 0.0720358 -0.0857962
131011 0.000277764 -0.0998033
173055 0.0342708 -0.114647
117332 -0.191701 -0.190718
113329 -0.0065846 -0.0912698
1470.6 -0.253745 0.134495
447.52 0.247775 0.173673
9470.13 -0.0259488 0.0435799
2083.11 0.184899 0.105709
591.21 -0.138129 0.233598
7164.29 -0.0572639 0.0527124
2138.5 -0.00109277 0.112452
184261 -0.131918 -0.185131
7697.21 -0.314466 -0.031803
543654 0.064903 -0.211599
544110 -0.0359376 -0.239015
67374.4 -0.195084 -0.137242
258.049 -0.0561218 0.235372
26745.3 0.143663 -0.00925712
4297.99 -0.0568057 0.0769625
11331.2 -0.244515 -0.0243642
384.558 -0.06446 0.201513
32771.5 0.104665 -0.0145475
343605 -0.122559 -0.251672
469.138 0.000992394 0.176749
153840 -0.072513 -0.133644
3928.58 -0.204115 0.0577185
653.314 -0.148762 0.231425
2174.56 -0.240768 0.091399
3239.13 0.300306 0.0558262
3947.13 0.0869569 0.0873648
589045 0.0229753 -0.225062
150869 0.0405569 -0.104499
247.269 -0.0550133 0.23972
365.742 -0.0942423 0.247351
107806 -0.0121605 -0.0890499
1067.73 0.152327 0.138201
741598 -0.0560789 -0.307116
14141.9 -0.0172743 0.0251387
7523.93 -0.270643 -0.006978
1144.46 0.124447 0.137185
263837 0.174294 -0.169594
8431.35 -0.313654 -0.0385786
261950 0.0385299 -0.14566
65104.2 0.140785 -0.0588328
11925.9 0.299457 -0.0198668
3160.56 -0.230347 0.0659049
368471 0.00921538 -0.179598
181752 0.00932372 -0.121463
1431.58 -0.100468 0.126437
1541.21 -0.172822 0.122562
44588.3 -0.232772 -0.127652
1587.88 -0.229086 0.121881
174954 0.187122 -0.141179
3392.81 -0.281205 0.0457164
162524 -0.0148331 -0.118276
18855.5 0.165253 0.00469216
244.46 -0.0686413 0.27781
16781 -0.100309 0.000399496
129.513 -0.0304354 0.306896
6530.11 0.0676709 0.0657911
56941.1 -0.246517 -0.165004
221570 -0.109245 -0.186772
9524.82 -0.0525596 0.0395706
246087 -0.153534 -0.24116
183.299 0.114931 0.211024
4837.5 -0.284361 0.0185689
13000.6 -0.23733 -0.0308775
554777 -0.035908 -0.241523
235.294 -0.0679943 0.287545
160308 -0.193886 -0.233272
48593.5 -0.0910333 -0.0596236
2397.97 -0.250395 0.0815809
382.849 0.23341 0.18161
547.744 -0.130874 0.237467
920.267 -0.170744 0.175241
1587.63 0.293569 0.0983804
3357.05 -0.0231616 0.0915047
7880.27 -0.0919466 0.0422118
327997 0.102067 -0.166247
2028.13 -0.159874 0.104559
17826.7 -0.166736 -0.0235018
94183.1 -0.0324896 -0.0847654
79321.3 -0.0198154 -0.0707715
73630.5 -0.211513 -0.159263
152.827 -0.0290175 0.267172
7434.75 -0.21181 0.0160934
654047 0.046794 -0.233663
100005 -0.130058 -0.128373
5064.29 -0.248833 0.0289553
90564.1 0.062757 -0.0704727
1633.67 -0.115995 0.119024
7786.57 -0.113803 0.0385229
37897 -0.128919 -0.0575049
1274.18 0.189799 0.127008
31637.7 -0.272592 -0.126758
11504.1 -0.237316 -0.0222591
1419.79 -0.271771 0.148881
438394 -0.000424415 -0.199074
18769.4 -0.250845 -0.0652535
273414 0.211517 -0.194475
4082.78 -0.299354 0.0243628
89825 0.199366 -0.0976933
84101.8 -0.0835288 -0.0933612
312.435 0.198909 0.190376
234689 0.00917992 -0.141009
855726 0.114204 -0.279303
488.028 0.164516 0.170512
140923 -0.0304705 -0.112017
155.091 -0.0355249 0.281047
327827 -0.123492 -0.245927
55379.1 0.0479015 -0.0414067
16550.4 0.127489 0.01792
5576.01 0.217645 0.0530311
2105.39 0.290743 0.0831816
132006 0.124205 -0.100645
223598 -0.0814092 -0.169936
2961.64 -0.292432 0.0518536
1664.42 0.155226 0.11913
52.0591 0.0700601 0.270707
20758.5 0.264297 -0.0350519
205.327 -0.0558144 0.279625
307.896 -0.08537 0.27075
196219 0.0381811 -0.123455
31934.2 -0.260678 -0.117842
672.051 -0.136561 0.194613
37864 0.0311168 -0.021007
305.16 0.15822 0.190526
1798.84 0.0983727 0.119977
881.183 -0.18541 0.231369
21022.2 -0.205298 -0.0503158
1105.48 0.0287966 0.14064
4298.88 -0.190885 0.0551298
124673 -0.128332 -0.145865
744928 -0.0141821 -0.271005
671428 0.105411 -0.241138
2242.22 0.23571 0.0932924
3025.39 0.261945 0.0717731
1552.64 -0.286015 0.124583
242.289 0.113776 0.199802
12032.4 0.125674 0.0337341
64160.3 0.0630291 -0.0497251
7316.91 -0.0462646 0.0532596
21088 0.261302 -0.0345261
279872 0.1388 -0.161108
29940.3 0.0544437 -0.00762133
75956.8 -0.0647321 -0.0798334
41550.9 0.224334 -0.0585331
2082.27 -0.262537 0.091021
474.625 0.185259 0.17115
2148.9 0.291733 0.0817595
131.441 -0.027834 0.293964
90335.8 -0.0503172 -0.0869054
13089.8 0.0858703 0.0330824
1.04529e+06 0.0739799 -0.306626
7723.81 0.213592 0.0379161
967.029 -0.182453 0.17708
335104 -0.0289563 -0.18257
4311.65 0.272271 0.049863
16541.4 -0.1059 -0.000247578
493761 0.133961 -0.213874
1906.03 0.154047 0.113437
5711.83 -0.251497 0.019912
64.3942 0.0133592 0.312153
3626.89 0.192502 0.0791777
1801.99 -0.204388 0.110422
18891.7 -0.136909 -0.0169098
199201 -0.0641345 -0.151056
2182.58 0.016802 0.112309
45081.5 -0.248751 -0.142009
90399.1 -0.0597679 -0.0898987
7227.55 -0.0897972 0.0469734
35728.4 0.138729 -0.0239787
310914 0.133953 -0.168769
370.38 -0.102906 0.281696
309.482 0.0304978 0.192706
134516 -0.107881 -0.140267
60222.5 0.21094 -0.0761289
861.735 0.278137 0.135814
361.335 -0.0977613 0.265904
1315.33 -0.149082 0.132753
5193.91 -0.0513246 0.0687883
73729.1 -0.0478924 -0.0728896
346566 -0.0367194 -0.189057
5022.29 -0.265466 0.0235534
84299.5 -0.178381 -0.145353
572.361 0.16559 0.163692
92.0089 0.150419 0.242437
766733 0.0940433 -0.256407
530.114 0.164408 0.166999
29702.6 0.2602 -0.054915
25411.6 0.0257172 -0.000219582
205642 0.203386 -0.162914
86527.5 -0.205236 -0.170412
389552 0.106208 -0.182468
233144 0.230625 -0.192913
329192 -0.0284777 -0.180696
187433 0.0922061 -0.120607
17401.8 0.0887504 0.0191083
13112.7 -0.0326109 0.0268054
352927 0.0963583 -0.171849
145.228 0.160874 0.22296
2849.39 -0.269733 0.0628837
58.4918 0.0997602 0.259851
933191 -0.00125904 -0.304398
79463.7 -0.0198535 -0.0708925
468993 0.148378 -0.214091
252.445 -0.0723254 0.282966
212.782 0.00592594 0.213459
16285.3 -0.223658 -0.0406554
232660 -0.173338 -0.260675
311909 -0.0704322 -0.195974
340.054 0.111428 0.18633
223647 -0.122517 -0.197955
28.6247 0.0807887 0.305157
168211 -0.172871 -0.213482
97039 0.167135 -0.0909355
4733.65 -0.23858 0.036764
704654 -0.0643784 -0.306488
113001 -0.188376 -0.183186
496536 0.0660524 -0.20205
181389 -0.118092 -0.173292
169311 -0.052947 -0.133195
2329.04 0.0603176 0.110257
2825.41 0.285519 0.0684422
180224 -0.0299033 -0.130155
258924 -0.089549 -0.188993
2340.66 -0.207507 0.0907175
62598.1 0.0479228 -0.0484844
716302 -0.0593171 -0.303482
6532.03 -0.0345687 0.0601102
4670.61 0.120795 0.0778283
129.635 0.0500101 0.228802
319919 0.0270302 -0.163631
1234.35 -0.228962 0.164084
130601 -0.185272 -0.196422
11129.6 -0.293431 -0.0484584
292.524 -0.0774219 0.256579
185.946 0.0929301 0.210563
7528.06 -0.271682 -0.00748915
672233 0.160317 -0.266684
235411 0.193543 -0.169243
1031.63 -0.19831 0.18107
438717 -0.0982847 -0.260673
31778.9 -0.0318286 -0.0193344
735630 -0.0545806 -0.303426
224958 0.139486 -0.14335
14673.7 0.111503 0.0256923
80986.5 -0.0305091 -0.0744648
275.025 0.0873368 0.195102
97381.6 0.208533 -0.10743
2417.53 0.17677 0.100225
267451 -0.105554 -0.203848
472663 -0.0664336 -0.241529
8754.28 -0.228984 -0.000360026
13045.9 0.257999 -0.00517686
157.473 -0.0412077 0.297034
466626 -0.0695027 -0.242247
179.105 0.0539051 0.214019
18131.5 -0.250997 -0.0626111
65011.1 0.221171 -0.0857336
581511 0.17202 -0.253953
