5.60492e+08 0.248007 -0.0135974
1.16929e+09 0.00951883 0.216221
1.80655e+10 0.0514462 -0.0371812
9.51601e+07 -0.011403 0.300012
1.6036e+08 -0.184178 0.205988
2.14643e+09 0.131307 -0.136147
2.14057e+08 0.0271301 0.275336
1.2397e+10 -0.00844285 -0.0839628
1.61965e+08 -0.111178 -0.245761
5.9078e+09 -0.125486 0.0253661
1.59133e+09 -0.174622 -0.0655622
1.2028e+09 0.0646251 -0.197215
9.86342e+08 -0.133386 -0.157126
1.82762e+08 -0.229494 -0.129391
9.16602e+08 0.0747257 0.216028
4.68372e+09 -0.00236198 0.154655
7.21539e+08 -0.0355239 -0.218802
1.1363e+10 -0.0680289 -0.0524168
1.18045e+08 0.142437 0.262619
2.36089e+09 -0.0827262 0.161507
5.07345e+08 0.249466 0.0421583
7.01991e+07 -0.280144 -0.0849396
6.68475e+08 0.209862 -0.113126
6.52343e+09 0.0419384 -0.122953
2.62956e+09 -0.0740392 0.160996
5.08848e+07 0.0847795 -0.299584
3.19859e+08 0.196772 -0.172401
5.2269e+08 -0.176155 -0.145889
2.55849e+09 0.0545275 0.178308
5.07093e+07 -0.233973 0.202187
2.14069e+09 0.0597086 0.184977
4.68609e+09 -0.13391 0.0443664
2.54427e+08 -0.0698696 -0.24685
3.64317e+08 0.0661714 -0.241445
1.21441e+08 0.296845 -0.0285603
3.38143e+09 -0.149397 0.0479739
6.50971e+09 -0.061088 0.116631
2.03854e+08 -0.249839 -0.0728823
3.75066e+09 -0.145764 0.0422256
4.02547e+08 -0.225638 -0.0748017
5.41094e+07 0.183753 -0.254329
3.83153e+08 0.157806 -0.198344
4.33533e+09 -0.0377913 0.151252
5.53683e+07 -0.300774 0.00117217
1.11998e+10 -0.0705571 -0.0506131
5.18939e+09 0.0826108 -0.119862
5.40353e+09 0.149222 -0.0273942
2.85798e+08 -0.218136 -0.120139
4.16797e+09 0.112305 -0.11236
5.53141e+08 -0.0924435 -0.209562
1.25083e+08 -0.254518 -0.104954
1.55418e+10 0.0667284 -0.0419353
1.48314e+09 0.15298 0.147921
1.3729e+10 0.0921242 0.0250616
1.44134e+09 0.136371 -0.153389
9.08023e+08 -0.180019 0.116165
1.00412e+08 0.171608 -0.240637
2.31725e+08 -0.254819 -0.0307893
1.2089e+09 -0.138322 0.152737
1.16299e+09 0.221609 -0.000362647
2.01397e+09 -0.151632 0.10175
8.41881e+07 -0.250329 0.151843
3.43942e+09 0.00220769 0.170061
4.73091e+08 0.252163 0.0406166
6.33804e+09 0.110528 0.0945319
3.17113e+09 -0.0250121 0.170247
6.07562e+08 0.0958796 0.224659
1.18781e+09 0.110702 -0.179457
4.34812e+08 0.0418618 -0.239577
3.78976e+08 -0.191084 -0.144774
1.489e+09 0.0359936 -0.194164
4.85971e+07 -0.243219 0.192179
2.14788e+08 0.144715 0.240184
3.15136e+08 -0.00174322 0.262927
5.14535e+07 -0.17073 -0.250011
8.77799e+08 0.0418856 -0.214119
1.2021e+09 -0.198781 0.015998
6.01373e+09 -0.0919673 -0.0845864
1.64215e+08 0.0750257 0.276698
3.04994e+09 0.169104 0.068233
3.76157e+08 -0.215745 -0.104814
1.37216e+10 -0.0723055 0.0168748
6.68677e+09 0.129714 -0.0487901
2.26155e+10 0.00395813 0.0330089
1.62374e+08 0.0680806 0.27861
4.24114e+07 -0.298628 -0.072634
1.65149e+09 -0.142723 0.129067
8.53709e+08 -0.0701557 0.213035
5.71565e+07 -0.061372 0.307255
3.04797e+09 -0.159736 0.00445726
1.7892e+10 0.0562803 -0.0335471
6.62232e+08 -0.0909609 -0.203126
1.1586e+08 0.248066 0.171258
5.46217e+09 0.0377409 0.144678
3.41283e+09 0.0468071 0.166647
7.70471e+07 -0.162095 0.252833
1.29269e+10 0.0785156 0.0622141
1.79279e+08 0.286073 0.0252087
9.05519e+09 0.0751053 -0.0871698
3.1672e+08 -0.133712 0.218854
1.8336e+08 -0.228717 -0.130554
2.83891e+09 0.114495 -0.1338
8.59252e+07 -0.252803 -0.134885
1.98358e+09 0.155096 -0.117049
2.91621e+08 -0.171681 -0.180286
2.10073e+10 0.0391655 0.034616
7.68637e+07 0.00736468 0.30713
1.20462e+08 0.106053 -0.266866
1.81432e+08 -0.259971 0.0585272
1.31656e+08 -0.194578 -0.193108
9.32566e+08 0.077809 -0.20355
3.48417e+09 -0.139375 0.0721905
3.33881e+08 -0.244861 0.0202276
5.6581e+07 -0.299556 -0.0141328
1.06263e+08 0.288478 0.0960329
5.19437e+09 -0.120423 0.0661167
8.28694e+07 0.0285947 0.304408
3.84346e+08 -0.112691 0.224206
2.17666e+09 -0.161212 0.0749435
4.09835e+09 0.057886 -0.143648
4.73199e+09 -0.136868 0.027803
9.3808e+08 -0.20056 -0.0531437
2.30949e+09 0.176018 -0.0725999
8.10063e+08 0.234574 -0.0141013
1.92599e+09 0.200273 0.0249744
3.25639e+09 -0.125654 0.102589
7.86509e+07 0.303557 0.0755642
7.40983e+07 -0.0723255 0.296637
1.4748e+10 0.0855238 0.0272213
8.33094e+07 -0.245753 -0.149126
9.26492e+07 -0.1496 -0.243645
4.85088e+07 -0.194652 0.244504
1.96538e+08 0.0172778 -0.267722
3.40802e+08 -0.0278263 -0.246854
8.61697e+07 -0.253708 -0.132997
7.44442e+08 0.205361 0.123823
2.00063e+09 -0.115343 0.146307
1.83881e+09 0.0655366 0.190004
7.02038e+07 0.310232 -0.049285
1.4092e+10 0.090995 -0.00934399
3.70738e+09 -0.0972666 -0.11418
2.38327e+09 -0.0508479 0.176156
1.14493e+10 -0.0377381 0.0898602
3.43894e+09 -0.0239624 0.166605
7.7435e+09 -0.0556556 -0.0972268
1.61911e+08 0.103363 -0.258139
1.63418e+08 0.272175 0.10269
3.43178e+09 -0.151472 -0.0244103
1.67181e+10 -0.0486258 0.0361132
5.71235e+09 0.0127891 -0.133907
4.44342e+09 0.0310765 0.156501
9.55149e+08 0.0172572 -0.213023
2.39746e+09 -0.104841 -0.133979
3.73829e+07 -0.225075 -0.214364
6.58032e+08 -0.144253 0.178612
8.10362e+07 -0.24367 -0.15406
8.28609e+08 0.165065 0.167594
1.13326e+10 -0.0556022 -0.0665568
6.3618e+08 -0.0831233 0.219322
1.05276e+09 0.219079 -0.0468639
1.87913e+08 -0.249395 -0.0827373
1.5968e+09 0.181466 0.106352
5.36068e+07 -0.293047 0.0786932
2.48317e+08 -0.129327 0.231215
1.36486e+10 0.0848721 -0.0343699
3.11809e+09 -0.0934978 -0.127956
7.18184e+08 -0.217033 -0.0203911
2.69464e+09 0.0264517 -0.16984
1.1443e+10 0.0827472 -0.0599197
4.75321e+07 -0.215236 0.226033
6.48306e+08 0.158025 -0.174968
5.11365e+07 -0.277529 0.129513
4.16013e+09 -0.0807868 0.131439
1.37773e+08 0.162349 0.245843
2.43672e+09 0.171987 -0.0755262
2.15874e+09 0.158606 0.117785
6.76398e+08 0.230222 0.0783904
1.55458e+08 -0.195576 -0.184579
3.37326e+07 -0.292268 -0.113215
1.99415e+09 -0.164961 -0.0644887
1.59253e+10 -0.0459316 -0.0376205
1.0441e+10 -0.0926976 -0.000772064
1.1128e+09 -0.184378 0.0903899
3.74929e+08 0.262526 -0.00382805
2.31786e+08 0.121475 -0.238586
5.49265e+09 -0.112623 0.0749344
2.38729e+08 0.190175 0.202999
2.00396e+09 0.157882 -0.112995
3.61308e+08 -0.103245 -0.220643
6.91323e+07 0.243211 -0.191964
4.70582e+07 -0.303816 -0.0264545
8.18358e+09 0.0277461 -0.112333
1.19355e+10 -0.0350143 -0.0769095
1.03931e+08 -0.173622 0.233064
4.05614e+08 -0.225037 0.0868866
2.73007e+08 0.174668 -0.199737
5.5498e+08 0.0140669 -0.232982
4.94778e+07 -0.300826 0.0502957
8.97736e+09 -0.0637265 -0.0799373
1.49869e+08 -0.216285 -0.16126
1.0051e+10 0.105758 0.0526804
4.3421e+08 -0.203646 0.128308
9.81974e+09 -0.096476 -0.00447205
4.84918e+09 0.155218 0.0372649
2.28613e+10 0.000594189 0.0295187
1.04885e+08 -0.280931 -0.0196701
2.77003e+08 -0.0936652 0.245841
1.50527e+08 0.290665 -0.024455
3.29332e+09 0.126415 -0.114758
1.49591e+09 0.188564 0.0990725
3.10339e+09 0.17927 0.0240268
1.69499e+10 -0.0536939 0.0170766
7.03316e+08 0.224142 0.0908828
9.02384e+08 -0.184939 -0.0965885
2.30421e+08 -0.047837 0.267007
6.8662e+07 -0.264916 0.136725
7.75768e+07 -0.187782 -0.221443
5.36961e+09 -0.0636841 0.127279
2.61862e+09 0.181969 0.0512255
2.10807e+09 -0.0977223 -0.14648
4.88914e+08 -0.205979 -0.104193
8.57426e+08 0.229609 -0.0349975
1.80605e+08 -0.178565 0.206193
2.11562e+08 0.0678357 -0.259387
6.99336e+08 -0.0368215 0.230597
7.9886e+09 0.0635716 0.113777
4.92722e+08 -0.138343 0.196906
5.43465e+09 0.128017 0.0855911
5.65015e+07 0.0389585 -0.304147
3.30363e+09 -0.0334607 -0.15522
7.90104e+07 0.163754 0.26456
3.15111e+08 -0.121663 0.226716
1.93157e+10 0.0258692 0.0548316
1.32337e+09 -0.112403 0.170557
6.95832e+09 -0.0883893 -0.0762928
1.93029e+08 0.268487 -0.0867235
1.49503e+08 -0.119725 0.255179
1.53051e+10 -0.00472819 -0.0675853
5.38131e+09 -0.113649 0.0753123
4.17466e+08 -0.237165 0.0219544
2.38609e+09 0.134045 0.138451
1.7477e+10 -0.0514898 0.000454933
9.76869e+07 0.238271 0.192649
1.86498e+10 -0.0272506 0.0461386
6.89772e+07 -0.214561 -0.20004
4.00028e+07 -0.309189 -0.0175861
1.57432e+10 0.0201853 0.0771617
9.77512e+07 -0.0939608 -0.270015
1.05686e+08 -0.238229 -0.147821
5.8742e+07 -0.0225252 0.313152
1.83879e+10 0.0519826 -0.033982
8.05794e+08 0.160049 0.173612
8.97809e+09 -0.0331596 -0.0989845
1.09769e+09 -0.109703 0.181471
1.52875e+09 0.14691 0.152068
7.43739e+08 -0.179177 0.131554
2.49358e+08 -0.0552941 -0.251742
4.99133e+07 -0.273186 0.140754
1.06594e+10 0.0840812 -0.0656587
5.86843e+08 -0.0140266 -0.229701
1.64319e+10 -0.0533421 0.0294631
3.07867e+08 -0.17224 -0.177206
1.80661e+09 -0.0313727 0.194088
1.15386e+10 -0.0586965 -0.0617736
1.52118e+09 -0.188181 0.029872
1.05353e+08 0.0124746 0.297793
7.47671e+07 0.30441 0.0783386
1.33312e+08 -0.25479 0.110249
1.01576e+08 0.269817 0.143337
5.07223e+08 0.150299 0.202593
2.20914e+09 0.121475 0.153294
1.85922e+09 0.183524 -0.0783541
2.87768e+08 -0.125591 0.227852
1.61273e+09 0.168475 0.124988
5.30618e+09 0.150268 -0.0271152
6.50596e+07 -0.202453 0.226037
1.63672e+08 -0.211542 0.174158
1.69765e+09 -0.182504 -0.0266091
1.23581e+09 -0.102256 0.180873
5.77661e+08 -0.145134 -0.172987
1.43396e+09 -0.128983 0.152413
4.2619e+09 -0.100218 0.113023
3.21544e+09 0.0217836 -0.162118
1.36426e+09 0.0808179 0.197768
1.55588e+09 -0.171095 -0.0763922
9.53156e+09 0.0974128 -0.06152
1.05114e+10 -0.0361208 -0.0863406
1.56298e+10 -0.037948 0.0598323
9.21549e+07 0.181603 0.247607
1.25815e+09 0.0934631 0.196175
4.14614e+08 0.180844 -0.175851
1.86389e+10 -0.0378258 0.0327613
3.98625e+09 0.122695 0.116558
2.97747e+09 0.179673 0.0347266
1.55165e+09 0.0447474 0.202047
3.80764e+08 0.261634 0.0218349
9.68849e+07 0.133625 0.2735
2.03545e+09 -0.157105 -0.0797259
4.53969e+07 0.0291713 -0.311123
4.1225e+09 -0.092713 -0.111352
1.6448e+09 -0.155935 -0.0997622
2.99147e+08 0.255325 0.092164
2.58305e+09 -0.166848 0.0169588
3.20489e+08 -0.209541 -0.127432
9.60959e+09 -0.0980194 -0.00288398
1.26361e+10 0.00473893 -0.0843822
2.38406e+09 0.118862 0.151116
1.32224e+09 0.095565 -0.182248
1.50423e+10 -0.0390577 0.0632835
1.79877e+10 -0.0457793 0.0241212
1.0101e+09 -0.112493 0.183426
1.40187e+07 0.0190246 -0.0849481
2.67456e+06 -0.142996 -0.156914
1.30277e+06 -0.201703 -0.150914
4.68105e+06 -0.154902 0.13607
8.04279e+06 0.0023405 -0.152444
1.1737e+06 0.170449 0.227626
4.28451e+06 -0.179813 0.0352511
742895 0.167479 0.258495
4.671e+06 0.00565902 0.207299
2.99566e+06 0.210702 0.0582476
433973 -0.305682 -0.0767909
4.11235e+06 -0.0966447 -0.158787
933072 -0.294972 0.0798537
2.22463e+06 -0.0892725 -0.237213
3.23214e+06 -0.116824 -0.170623
3.98724e+06 -0.157523 -0.02851
1.06516e+06 0.203152 -0.198557
3.56431e+06 0.0632417 -0.214007
1.93178e+06 -0.203572 -0.047473
9.18571e+06 -0.0956299 -0.00805553
1.38584e+07 0.0142432 0.130677
1.00855e+06 0.253833 -0.129405
2.20583e+06 0.165422 -0.182925
1.00703e+06 0.269602 0.0218014
1.02715e+06 0.270191 -0.0699305
6.47112e+06 0.117061 0.14938
2.24455e+06 -0.2239 0.0199301
1.58709e+07 -0.018219 0.107365
1.18725e+06 0.0881069 -0.27532
8.74772e+06 -0.0568778 -0.0838301
3.50623e+06 -0.162862 0.159614
9.60294e+06 -0.0473597 -0.081837
5.20736e+06 0.0963047 -0.172407
1.95752e+07 0.052273 0.00250698
1.43376e+07 0.0148487 -0.0781291
626557 0.297726 -0.0721044
3.36808e+06 -0.165841 -0.0379576
1.53471e+07 -0.0274834 -0.0146638
3.27168e+06 -0.0257239 -0.224437
1.95967e+06 0.214006 0.119607
951465 -0.202338 0.241449
7.06012e+06 0.16086 -0.0574103
1.23888e+07 -0.0232629 0.133834
3.85176e+06 -0.183717 0.0215767
8.81511e+06 -0.0587535 -0.0789588
6.90218e+06 -0.0473779 0.174089
1.27844e+07 -0.0693139 0.0104732
9.02137e+06 0.145609 -0.0439738
898710 -0.187965 -0.245928
4.5139e+06 0.161177 0.128318
858121 0.217751 0.200769
2.75112e+06 -0.118121 -0.193544
1.05215e+07 -0.00050041 -0.119446
1.85098e+07 0.0757793 0.0383013
490029 -0.26812 -0.146886
1.95188e+07 0.0656451 0.0439157
1.05716e+06 0.107185 -0.273177
1.81924e+07 0.0558491 0.0869229
2.00169e+06 -0.188399 -0.0761062
758143 -0.300274 -0.000478337
5.90355e+06 -0.118049 -0.0410616
3.46671e+06 0.115289 0.197049
1.55419e+07 -0.0575669 0.049796
8.9217e+06 0.125291 -0.092196
1.38543e+06 -0.206158 -0.107103
1.76007e+07 0.0102535 0.102866
756714 0.287154 -0.0119613
8.58575e+06 -0.0898806 -0.029035
961751 -0.291951 0.0336321
1.73167e+06 -0.236864 0.00246031
2.76234e+06 -0.152594 -0.113409
810368 0.282313 -0.0765674
7.82998e+06 0.152787 -0.0583257
3.12785e+06 0.0557354 -0.224962
1.68216e+07 -0.0226522 0.0954286
1.38543e+07 -0.0621015 0.0163767
1.59604e+07 -0.0537406 0.0572899
3.96254e+06 -0.132656 -0.0820543
2.21054e+06 -0.111257 0.227495
1.34768e+06 -0.21743 0.19509
1.48426e+06 0.148802 0.228829
4.59653e+06 -0.0176817 -0.198366
3.88704e+06 0.147915 -0.155088
4.442e+06 0.00307866 0.210055
1.26017e+06 -0.270434 0.0288516
6.50404e+06 -0.0789292 -0.101468
735773 0.279855 -0.111388
2.37794e+06 0.171868 -0.170343
946896 -0.258938 -0.0477586
440773 -0.30314 -0.0791032
1.12538e+06 0.123647 -0.259626
1.8864e+06 -0.160383 -0.189407
1.08785e+07 -0.0444471 -0.061716
4.99222e+06 -0.151304 -0.0060542
1.19309e+06 -0.236848 -0.05482
8.68674e+06 0.0881968 0.14747
2.69508e+06 0.212307 -0.0896839
2.1618e+06 -0.231531 0.0982437
5.02855e+06 -0.166694 0.0328505
4.08045e+06 0.121022 0.182003
2.91956e+06 -0.185044 0.152311
2.62109e+06 0.0569899 0.234812
4.06562e+06 -0.077252 -0.181221
3.76676e+06 -0.0256486 -0.213053
2.60425e+06 0.197354 0.12258
7.84713e+06 -0.0719653 0.154249
534479 0.307823 -0.0651273
1.97525e+06 -0.00629541 -0.263702
6.74736e+06 0.010662 0.185301
1.17823e+06 -0.193178 -0.202033
1.21936e+06 -0.166237 0.245196
718409 -0.263347 -0.081062
7.13394e+06 0.14451 0.101691
1.24236e+06 -0.269806 0.0223924
1.29959e+06 -0.237277 -0.0412947
1.03795e+06 -0.107885 -0.294786
1.14058e+07 0.0975395 0.112473
2.17157e+06 0.0184338 -0.255798
1.68166e+06 -0.168968 -0.19235
753458 0.0992437 0.287308
2.11642e+06 0.20921 0.121372
1.0482e+06 0.269412 0.00807417
1.01197e+07 0.0435543 -0.133048
2.79686e+06 0.157706 0.177062
872571 0.253518 -0.14754
8.3183e+06 0.156911 -0.00422593
5.68531e+06 -0.128362 -0.0284354
1.86828e+07 0.0679202 0.00276901
1.44524e+06 -0.0936223 -0.273231
1.2429e+07 0.00167997 -0.0951272
1.13397e+06 -0.216372 0.213253
796765 -0.263344 -0.0649987
1.31773e+06 -0.120296 -0.268376
1.84426e+06 -0.19393 -0.0777096
1.2625e+06 -0.190061 0.227649
3.96315e+06 0.0934729 0.200357
6.1082e+06 -0.111545 0.152041
953246 -0.285481 0.0074864
1.74133e+06 0.234256 -0.0989077
2.40223e+06 -0.181724 -0.0587957
1.37801e+07 -0.0554344 0.101904
1.29186e+06 0.247751 -0.108886
1.28367e+07 0.0497459 -0.103083
8.42144e+06 0.0457036 0.167564
1.12914e+07 -0.0440162 -0.0548841
2.78638e+06 -0.205485 0.0141391
921843 -0.17934 0.258872
8.44546e+06 -0.113639 0.111068
805987 0.274983 -0.109499
4.97544e+06 -0.0461376 -0.179609
2.33736e+06 0.23088 0.00488805
1.58577e+06 0.19107 -0.181195
9.41935e+06 -0.00527951 -0.131294
4.07161e+06 -0.188051 0.0628355
3.5562e+06 0.0311083 -0.22078
2.13922e+06 -0.0951084 -0.238012
890367 -0.224987 -0.164124
2.40058e+06 0.0755841 -0.23589
1.5778e+06 -0.0825007 0.254595
2.15187e+06 0.0220762 -0.256013
4.4951e+06 0.074567 -0.193816
1.218e+07 0.114167 0.07495
859385 -0.29903 0.0269225
1.40743e+07 -0.0721892 0.0640183
4.04298e+06 -0.162352 -0.0172851
4.1367e+06 -0.021262 -0.206342
2.27905e+06 -0.140601 -0.192073
5.42201e+06 -0.084435 0.177699
1.94375e+06 0.240739 -0.00831139
2.17592e+06 -0.200272 -0.0360849
7.65907e+06 -0.123602 0.0117497
1.68206e+07 0.0820529 -0.0182057
1.79715e+06 0.236055 0.0591225
1.08575e+06 -0.158942 0.256777
5.18567e+06 0.0238617 -0.193598
2.2039e+06 -0.143349 -0.193107
869159 -0.265206 -0.0489011
6.53469e+06 0.0281148 -0.174922
7.20222e+06 -0.140897 0.0485843
1.20023e+06 0.0649205 -0.283982
770504 -0.224035 -0.201326
5.30323e+06 0.185648 -0.0260623
4.56133e+06 -0.131628 0.163479
1.48283e+06 0.190524 -0.187032
1.09923e+06 0.269242 -0.0241646
1.86684e+07 0.0723386 0.0521959
8.73113e+06 0.0990368 0.138859
1.38764e+06 0.237295 -0.124084
6.83078e+06 -0.131276 0.00653688
845986 -0.213343 -0.211684
1.43543e+07 0.0155376 -0.0783436
2.73089e+06 -0.138672 -0.162757
1.39192e+07 0.10516 0.0649096
1.3118e+06 -0.106634 0.260345
1.22866e+06 -0.235903 0.180023
2.6665e+06 -0.17809 0.171086
5.21882e+06 0.187414 9.25714e-05
1.27068e+07 0.0705343 0.123876
1.78975e+07 -0.00913784 -0.000152892
9.46277e+06 0.126959 0.0940099
1.22522e+06 -0.079819 -0.291507
5.46018e+06 0.154158 -0.11338
1.08354e+06 -0.192186 0.238493
1.26835e+07 -0.0645671 0.106434
1.17979e+07 -0.0888874 0.0863243
2.45565e+06 0.148653 0.195596
1.56384e+06 -0.174525 -0.193548
1.15738e+06 -0.264961 0.133288
3.04149e+06 -0.0344729 -0.228481
5.91442e+06 0.00896792 -0.182252
2.50306e+06 -0.0988552 -0.220492
7.28954e+06 -0.100337 -0.0383712
654627 0.279377 0.0755541
903993 -0.235179 -0.111929
1.99784e+07 -0.00459251 0.0327126
2.55259e+06 0.193859 0.132414
1.63973e+07 -0.0428315 0.0278507
3.73358e+06 0.113397 0.193344
1.91196e+06 -0.184124 -0.101054
2.21553e+06 -0.169336 -0.11659
3.06059e+06 -0.204488 0.104169
2.9322e+06 -0.13626 -0.151961
610407 -0.315672 -0.00341125
3.44108e+06 -0.157683 -0.0508508
1.73615e+07 -0.0348232 0.0735859
3.25565e+06 0.0234951 -0.227641
1.70438e+06 0.245205 0.0181701
1.37855e+06 -0.0555096 -0.287372
1.02031e+06 -0.0591336 -0.310521
4.83997e+06 -0.16508 0.0190448
955255 -0.294713 0.0612874
3.16096e+06 0.0130569 0.228782
4.44275e+06 -0.0856883 0.191341
1.14218e+06 -0.00991241 -0.303088
2.65669e+06 -0.113667 -0.202524
988087 -0.210807 -0.190039
955108 -0.000560138 -0.315096
2.78664e+06 0.0565458 0.231677
4.25492e+06 0.00587998 -0.208285
2.32179e+06 -0.0693875 -0.241398
9.6218e+06 -0.0511115 -0.0750634
1.282e+06 -0.206488 -0.132043
1.10489e+06 -0.266838 0.136693
852938 0.0539802 0.289708
3.85004e+06 -0.13163 0.178238
2.93902e+06 -0.207417 0.104555
1.0034e+06 0.0654658 -0.295596
6.50996e+06 0.0166718 0.187598
1.3336e+06 -0.258073 0.125128
567930 0.303234 -0.0249111
780751 -0.238179 -0.142786
1.78267e+06 -0.235203 0.13019
2.34262e+06 0.131996 -0.206871
2.0535e+07 0.041147 0.0695706
1.48525e+06 -0.209505 0.194652
474089 0.307754 0.0101939
391120 0.301176 0.0854205
2.89145e+06 -0.0824156 -0.215424
2.53912e+06 0.222187 0.0427794
1.16245e+07 -0.0217573 -0.0827609
829155 -0.192928 -0.248299
673580 -0.0575766 0.302404
8.11947e+06 0.152444 0.0541233
3.33821e+06 -0.139501 -0.104127
5.00361e+06 0.180448 -0.0710735
3.8795e+06 -0.179137 0.0111435
2.49936e+06 -0.128985 -0.194205
4.93578e+06 -0.15756 0.124525
610251 0.271106 -0.157063
3.46195e+06 -0.110495 0.198127
740735 0.123881 -0.286591
9.37634e+06 0.0856516 -0.125482
1.4779e+06 -0.0694914 0.260298
697546 0.217003 0.219482
8.2243e+06 -0.126044 0.0912788
1.78851e+06 0.219595 -0.129144
3.75071e+06 -0.194338 0.0644942
1.29298e+07 -0.073077 0.0928005
1.08663e+07 -0.0150852 0.148054
1.53742e+07 0.00382068 0.118745
5.27261e+06 -0.161774 0.0289894
1.55763e+07 -0.00425932 -0.0410871
1.12907e+06 -0.13439 0.26269
1.59273e+06 -0.25682 0.0763649
2.05268e+07 0.00844009 0.0700726
7.04351e+06 0.0834171 0.166694
8.23552e+06 -0.102198 -0.0153202
1.97784e+07 0.0540344 0.00940986
2.95701e+06 0.214766 -0.060793
1.14445e+06 -0.0360869 -0.303574
8.00798e+06 -0.107106 0.126786
1.30007e+06 -0.20652 -0.126714
7.38187e+06 -0.0631486 0.163349
1.09608e+07 -0.0753354 -0.0102516
6.8742e+06 -0.0796717 0.161484
4.42729e+06 0.0372356 -0.204452
1.45676e+06 0.104812 -0.254167
4.61495e+06 0.119589 -0.166343
1.13238e+07 -0.0472063 -0.0491236
957923 -0.14905 -0.0637351
2.93975e+06 0.230416 0.0340498
1.11712e+06 0.24551 -0.140011
4.00597e+06 0.164348 0.0967738
697590 -0.181679 -0.0366068
218657 -0.261767 0.118271
1.56021e+06 -0.0569891 -0.202895
3.30169e+06 -0.0139499 0.042063
556736 0.0193221 -0.297731
246220 -0.270197 0.0860921
3.21098e+06 0.00668087 0.108902
598999 0.170639 -0.240433
1.58668e+06 -0.0305525 -0.217087
861740 0.0686092 -0.262798
3.12401e+06 -0.00773377 -0.149097
5.0967e+06 0.0247779 0.0480102
1.84671e+06 0.0313654 0.249861
712910 -0.230045 -0.0793983
4.54522e+06 0.00448999 -0.0924466
528119 -0.120059 0.125952
807679 0.305336 0.0345587
1.39762e+06 -0.100145 -0.169887
3.12977e+06 0.0987893 0.1705
654081 -0.245467 -0.0811419
576150 -0.115025 0.212235
239055 -0.197884 0.14553
535578 -0.276395 -0.11319
5.80672e+06 0.0627578 0.0740013
6.36114e+06 0.171836 0.021806
994966 -0.0572543 0.262938
1.46589e+06 -0.0495221 0.197279
2.19088e+06 0.0480374 -0.203711
4.39148e+06 0.00208792 0.0232494
7.85723e+06 0.0866517 0.0399964
3.46587e+06 0.0348544 0.142845
2.35465e+06 0.152669 0.169971
4.06302e+06 5.83499e-05 -0.110935
5.86495e+06 0.166824 -0.0750288
2.35687e+06 0.121579 0.194825
1.28973e+06 0.164286 0.227074
695263 -0.241174 -0.103315
1.88064e+06 0.264204 -0.00389846
925594 -0.0802326 0.224533
1.41124e+06 -0.105496 -0.0939182
944457 -0.180466 -0.154561
1.29396e+06 0.284178 -0.0252506
2.19901e+06 0.0645933 0.228785
1.58744e+06 -0.0466818 -0.208276
2.73436e+06 0.242385 -0.00704669
691821 -0.15249 -0.230435
1.69249e+06 -0.0310421 0.213799
591424 -0.0574156 -0.286341
1.15156e+06 0.196143 0.207233
6.67617e+06 0.048029 0.0345358
1.369e+06 0.279362 -0.0409262
391905 -0.204103 0.0236763
683198 -0.172268 -0.0294101
3.07429e+06 0.0228761 0.15653
1.85377e+06 0.252711 0.0558628
748761 0.212302 -0.19926
2.64634e+06 0.189296 -0.132799
2.91953e+06 0.152745 0.143959
2.84598e+06 -0.0395789 -0.085026
1.77184e+06 -0.0613692 -0.179859
8.39095e+06 0.097102 -0.068211
4.05042e+06 0.123131 0.124587
1.38991e+06 -0.0889942 -0.0355125
1.51383e+06 -0.0907097 -0.0667339
559833 -0.270606 -0.11533
857310 0.23002 -0.175586
1.95426e+06 0.25768 0.0278408
1.1659e+06 0.227853 -0.156763
781728 0.274757 0.132762
1.86212e+06 -0.0360207 0.138949
1.49112e+06 0.00569217 0.26685
913480 -0.00370133 0.307065
4.6181e+06 0.197708 0.0315651
1.47461e+06 0.150548 0.225191
295030 -0.241275 0.0590102
1.58046e+06 0.17243 0.197464
755423 0.00452933 -0.279571
522384 -0.122934 0.190214
306675 -0.283093 0.0407459
6.93323e+06 0.0375629 -0.0507139
868942 0.202996 0.229335
584125 -0.263956 -0.124574
670056 -0.0732013 0.289651
365641 -0.230635 0.0272613
871817 -0.205091 -0.111911
1.03922e+06 0.220926 -0.171302
898206 0.288236 -0.0878319
3.51223e+06 0.0717454 0.158939
424369 -0.136601 0.162083
1.57361e+06 -0.00382492 0.256816
768443 -0.220221 -0.147866
1.05069e+06 0.152454 0.256342
222474 -0.223899 0.141631
567619 0.108107 -0.27439
562735 -0.155737 0.00306459
2.0779e+06 -0.0521789 0.00902908
1.06916e+06 -0.0682633 0.2276
3.46744e+06 0.225822 0.00642941
2.66377e+06 -0.0147256 -0.166071
1.46748e+06 0.203168 0.171441
2.93519e+06 0.196072 -0.117368
1.14871e+06 -0.0572894 0.240264
747426 0.216387 -0.196126
1.60836e+06 -0.0588618 0.0502757
4.38625e+06 -0.000417895 -0.0886863
1.32352e+06 -0.0998992 -0.0560347
1.258e+06 0.247839 -0.127173
950918 -0.0376263 -0.258094
1.363e+06 -0.0151144 0.266445
5.4145e+06 0.0711931 -0.123171
1.17072e+06 0.249657 -0.130773
2.65027e+06 0.00801008 0.17276
645640 -0.107197 0.1234
795476 -0.19146 -0.182463
483979 -0.221406 -0.00690965
3.30476e+06 0.0134372 0.117831
3.58829e+06 0.0317946 -0.158107
2.10814e+06 0.218723 0.106164
1.59201e+06 -0.0779797 -0.0316205
4.19668e+06 0.0534307 0.121207
532586 -0.276629 -0.0812629
1.13387e+06 -0.144367 -0.102073
3.52965e+06 0.118121 -0.154116
874653 -0.198719 -0.147588
555847 0.194305 -0.22993
7.78229e+06 0.143753 -0.0568109
2.91115e+06 -0.000789041 0.115915
932887 0.17489 0.249188
1.14544e+06 -0.08996 0.00616785
3.01574e+06 0.0173728 0.15247
3.65142e+06 0.00409466 -0.137478
947085 -0.0786733 0.223913
1.76744e+06 0.0390825 0.255155
821051 0.178477 0.257736
1.92264e+06 -0.0534791 -0.175621
454889 -0.170251 0.0187777
181268 -0.254098 0.175343
1.45881e+06 -0.100744 -0.0908569
2.37074e+06 0.232309 0.0663577
1.08775e+06 -0.0401816 0.271753
2.41454e+06 -0.0373256 -0.155146
603093 -0.108195 0.234238
6.12284e+06 0.153123 0.0542076
3.06896e+06 -0.000286364 0.101838
2.56011e+06 -0.0302491 0.0471413
391112 -0.271277 0.00418639
4.4391e+06 0.206217 -0.0448442
541115 0.0545218 -0.29407
6.48206e+06 0.107353 0.0702267
913141 -0.16218 -0.0654153
5.93185e+06 0.126578 0.0760292
6.70883e+06 0.157339 0.0354149
3.00543e+06 0.149552 -0.151705
2.48408e+06 -0.0508665 -0.0792417
1.08316e+06 0.291796 0.0213151
3.47361e+06 0.21155 -0.0775618
1.6583e+06 0.210385 0.147377
6.13733e+06 0.0784625 0.0743615
681133 -0.156298 -0.230008
2.59234e+06 -0.0429342 -0.120797
1.35501e+06 0.278331 -0.0495016
248251 -0.168796 0.245465
4.26765e+06 0.0126687 -0.121513
6.54239e+06 0.0288402 -0.0140266
306987 -0.162157 0.15057
1.90933e+06 0.212968 -0.13547
5.03449e+06 0.00410806 -0.0338422
1.44155e+06 -0.0883277 -0.0429976
1.39277e+06 -0.0366716 0.242877
2.20369e+06 0.228651 0.08384
4.02846e+06 -0.00384232 0.0259886
3.70345e+06 0.0450139 -0.158482
802918 0.29852 0.0649863
1.22993e+06 -0.126664 -0.0976866
1.11178e+06 0.247797 -0.137485
1.07616e+06 -0.123916 -0.0578281
7.0348e+06 0.0448524 0.0167264
557395 -0.129663 -0.262894
4.38297e+06 0.124977 -0.13404
258850 -0.177354 0.182221
5.95781e+06 0.0714088 -0.112082
626015 -0.12603 0.0248924
592189 -0.114873 0.185364
5.67993e+06 0.188363 0.00462413
910496 -0.128082 -0.0343334
502755 -0.122937 0.113018
914962 0.14066 -0.232084
492532 -0.282788 -0.133758
3.5343e+06 -0.0185861 0.00362636
557749 -0.116556 0.217121
874650 -0.0267502 -0.26675
287738 -0.234598 0.0645286
7.85603e+06 0.0746798 0.033145
1.48452e+06 -0.0833006 -0.0327956
766283 0.30106 0.0652039
7.19264e+06 0.0405021 -0.00431139
2.24286e+06 0.0299387 0.225026
647344 0.168943 -0.236932
626663 -0.0780972 0.291049
1.24694e+06 0.286591 -0.0164191
1.94468e+06 0.033555 -0.213114
838023 -0.156938 -0.203459
831603 0.292229 0.0790146
590958 -0.112509 0.106257
227301 -0.199943 0.165539
744808 0.301933 -0.0767983
1.22808e+06 -0.108447 -0.0585125
4.13216e+06 0.106361 0.129189
2.92531e+06 0.140073 -0.158679
1.81306e+06 0.264523 -0.0382597
784679 0.203036 -0.203453
2.75199e+06 0.144493 0.158035
414728 -0.17087 0.0296996
525917 -0.278375 -0.11545
1.09645e+06 -0.0693578 0.216081
697507 -0.102727 -0.256333
557406 -0.2124 -0.0215432
8.51004e+06 0.14034 -0.0387502
3.20052e+06 -0.0255997 -0.107994
737044 -0.154392 -0.222013
2.25746e+06 0.122278 0.199628
809742 0.25179 -0.156811
306664 -0.145216 0.268199
887905 -0.0241886 0.301792
770876 0.0580185 -0.272147
652287 -0.107834 0.151342
3.66215e+06 -0.0138434 0.0143379
486952 -0.0948329 -0.287689
8.56812e+06 0.140599 -0.0355086
2.24025e+06 -0.0426105 -0.162016
195142 -0.236831 0.170565
916997 -0.0888538 0.0689036
1.00676e+06 0.0156216 0.303313
187994 -0.279754 0.138665
872675 -0.0884817 0.112782
2.47347e+06 -0.0510485 -0.0706044
385342 -0.152034 0.0614983
4.66797e+06 0.112688 0.111136
592208 -0.11365 0.144904
443931 -0.256972 -0.00932333
1.47388e+06 0.268311 0.0503114
4.89908e+06 0.0647045 -0.133191
542379 -0.119787 0.203846
1.03302e+06 0.0137997 0.301081
282864 -0.211647 0.0715835
476642 -0.129041 0.186599
986681 0.0992703 0.291656
652453 -0.227803 -0.178996
2.43266e+06 0.233164 0.0605505
1.49661e+06 0.201082 0.171736
2.11501e+06 -0.0366083 0.0738503
1.83592e+06 -0.0765712 -0.0845822
883963 -0.0749092 -0.249649
515560 -0.224501 -0.0163083
433030 -0.172536 0.0233893
1.72668e+06 0.2656 -0.0474552
669182 -0.0733232 0.289649
355213 -0.148944 0.108082
1.03656e+06 0.223296 0.185693
6.72095e+06 0.126682 0.0598503
874033 -0.205042 -0.120422
1.22404e+06 0.158582 0.237231
2.88469e+06 0.201264 -0.113166
3.77091e+06 -7.27077e-05 0.053379
3.25735e+06 0.01047 -0.158773
927147 0.0156989 -0.266233
1.79366e+06 0.266655 -0.000299247
7.52303e+06 0.129991 -0.074763
2.72028e+06 0.242366 -0.00155615
6.51504e+06 0.0835203 0.0675218
3.18075e+06 -0.00986404 0.0641694
2.21088e+06 0.0699012 0.227068
1.56516e+06 0.228219 -0.134225
6.44734e+06 0.177679 -0.0294152
1.9019e+06 -0.0199052 -0.203602
3.23538e+06 -0.0164361 -0.129696
511771 -0.194509 -0.00472909
235049 -0.181077 0.215805
3.83212e+06 0.21059 0.0365547
1.54581e+06 0.00855636 -0.229641
3.82463e+06 -0.017727 -0.0508458
1.28094e+06 0.0186748 0.284074
687524 -0.242417 -0.0997043
297582 -0.275756 0.0490908
1.08617e+06 -0.149713 -0.158429
1.93114e+06 0.220035 0.114937
383037 -0.144051 0.166185
3.39405e+06 0.0262054 0.13592
407618 -0.138091 0.211504
1.84956e+06 -0.0216387 0.212196
4.99716e+06 0.162695 0.0718077
545498 -0.273623 -0.11727
649793 -0.0805904 0.283803
1.32515e+06 -0.0610238 0.155314
260120 -0.178502 0.170211
2.00414e+06 0.224044 0.104015
545316 -0.180526 -0.241537
574676 -0.256392 -0.158444
342740 -0.236681 0.0354716
875874 -0.114137 -0.227946
2.36865e+06 -0.0368771 -0.159715
689211 -0.123494 -0.246757
2.37209e+06 -0.0277481 -0.170725
3.51869e+06 0.120643 -0.153426
1.44183e+06 0.0423947 0.274714
9.26037e+06 0.0775221 -0.022577
9.10119e+06 0.090149 0.011292
1.14536e+06 0.264535 -0.109705
8.45168e+06 0.0833614 -0.0635413
363200 -0.283966 0.00980499
1.48917e+06 0.0244321 -0.233249
795331 -0.199826 -0.173022
1.773e+06 0.26265 0.117341
4.27045e+06 0.220213 -0.0920322
2.14188e+07 0.00913227 -0.0893709
1.83022e+06 -0.185063 -0.143029
5.91889e+06 -0.026216 -0.214276
7.59731e+06 -0.146686 0.0484575
2.35579e+06 0.025631 0.282408
1.19653e+07 -0.0934927 0.129543
1.82311e+07 0.0984253 0.049931
5.33949e+06 0.226725 -0.00999079
7.97048e+06 0.153851 0.117292
1.62789e+07 0.0892757 0.0977326
2.19035e+06 -0.197577 0.19137
4.06633e+06 -0.134629 0.204922
1.41701e+07 -0.0140631 -0.14409
2.37076e+07 0.00573051 0.0425639
1.42092e+06 0.199804 -0.201209
585176 -0.297535 -0.00592953
1.28512e+06 0.308995 0.00534672
7.16759e+06 0.179236 0.0897736
1.09923e+06 0.3121 -0.0491424
2.05474e+07 0.0948039 0.00923391
643992 -0.216505 -0.205392
6.56408e+06 0.207884 -0.0492046
1.39785e+07 -0.0198844 -0.143499
1.12006e+06 -0.220653 -0.115131
9.71253e+06 -0.120734 0.116178
1.85507e+06 -0.234881 0.14372
2.37773e+07 0.0440601 0.0143135
2.64977e+06 -0.204818 -0.0193999
2.0535e+07 0.0605736 -0.0870249
1.32355e+06 -0.0439012 -0.301376
3.02632e+06 -0.193419 0.162051
7.29708e+06 0.110909 0.176621
1.35965e+06 -0.0403387 0.308403
2.01675e+07 0.0365438 0.112616
1.83127e+06 -0.210607 0.191074
7.18575e+06 0.206096 0.000569389
1.91107e+06 -0.224133 0.164012
1.67655e+06 0.29451 -0.0150426
958875 -0.236159 -0.0945811
5.39181e+06 -0.163882 0.0032152
6.19228e+06 -0.163332 0.0945844
450478 -0.28379 -0.0812452
2.17818e+07 0.0665277 -0.0699682
2.79017e+06 -0.018297 0.274292
5.6182e+06 0.222193 -0.0283316
1.07448e+07 0.158113 -0.0790434
8.03719e+06 0.102953 0.174394
2.1461e+07 -0.0148155 -0.0496482
8.20373e+06 -0.00794281 -0.193306
6.04528e+06 -0.165412 0.0927151
7.88864e+06 -0.124926 0.147268
1.82015e+06 0.288527 0.0263891
1.48656e+07 -0.0753506 0.0139481
1.93854e+07 0.0677987 0.0885691
3.40831e+06 -0.0378414 0.260974
1.56362e+06 -0.112442 0.280163
3.11584e+06 -0.204926 0.0147003
6.79204e+06 -0.127115 -0.0752745
5.7442e+06 0.161542 -0.141498
4.77331e+06 0.0136449 -0.229271
2.27576e+07 -0.0024726 0.00501159
2.10901e+07 0.0718638 0.04842
3.2107e+06 -0.0558513 0.260465
5.01814e+06 -0.173355 0.0193018
1.21819e+06 -0.0708748 0.307764
3.1004e+06 0.25725 -0.039894
534145 -0.252996 -0.137944
1.92431e+07 -0.0185977 -0.0959805
6.28651e+06 0.0888546 0.20434
1.14189e+07 0.0982525 0.141936
1.1395e+07 -0.0415796 0.177529
744980 -0.298672 0.0678466
3.65147e+06 -0.194985 0.0169239
3.59674e+06 -0.10506 0.23414
658219 -0.305754 0.0716921
1.26665e+07 0.0142468 0.175648
3.65021e+06 0.152192 0.198441
2.35281e+07 0.0208877 0.075867
1.36502e+06 -0.26086 0.0386535
3.05001e+06 -0.17804 -0.0751717
1.79426e+06 0.0570006 -0.274804
6.86664e+06 0.0936529 0.194584
1.63128e+07 -0.000764989 0.150782
1.06074e+07 0.17519 -0.0309768
1.1457e+07 -0.111851 0.0690494
3.94968e+06 0.177951 0.164169
9.91946e+06 -0.103676 -0.0492927
7.32039e+06 0.131033 -0.148742
3.34604e+06 0.0596236 -0.239046
1.93948e+06 0.265218 0.0993151
8.57884e+06 -0.0657068 -0.165173
5.96286e+06 0.00926268 0.231392
1.19118e+06 0.181901 -0.225519
867040 -0.169293 -0.257363
2.81831e+06 0.00233891 0.27444
1.75176e+06 0.291559 0.0178612
1.2402e+06 -0.0885499 -0.293211
3.61366e+06 -0.0187306 -0.247002
4.54851e+06 -0.164011 0.159972
1.53738e+07 0.14038 -0.00628998
1.30515e+06 -0.242372 0.176921
6.81303e+06 -0.140436 0.143213
1.07738e+07 0.00553768 0.18996
1.32561e+07 0.0223665 0.170272
2.08353e+07 0.0873275 0.0203534
1.97258e+07 -0.0467451 0.0757997
1.56311e+06 -0.0930496 0.288126
1.10129e+07 0.0246513 -0.169012
2.69504e+06 0.143048 -0.207243
2.38872e+07 0.0187604 0.0614117
6.33819e+06 0.196934 -0.0849643
6.40043e+06 0.15113 0.147807
2.1915e+07 -0.0247071 0.0513514
3.27829e+06 -0.144536 -0.160744
1.45492e+06 -0.228747 -0.0519925
2.46544e+06 -0.196898 0.180342
700651 -0.2881 -0.00353297
1.02605e+07 -0.108554 -0.00769986
1.70875e+07 -0.0121329 -0.121827
1.01077e+06 0.0882036 -0.293299
2.36928e+07 0.0350991 0.0412203
1.35552e+06 0.0549031 0.305649
6.90154e+06 -0.13773 -0.0239823
1.28112e+06 -0.0454858 -0.302927
1.21617e+06 0.145081 0.276689
1.56685e+07 0.0157815 0.1545
5.72281e+06 -0.0680162 0.220831
1.51256e+06 -0.184951 0.235086
1.22939e+07 -0.0988267 0.0269491
1.24455e+06 0.228905 0.203576
1.87511e+06 -0.217444 0.178278
1.60827e+06 0.290281 -0.0566166
5.08698e+06 0.216788 -0.0745686
6.20385e+06 -0.146932 -0.0197626
8.94788e+06 -0.132812 0.0488087
3.34259e+06 0.0464703 -0.243477
6.11318e+06 0.199907 -0.0841768
1.58894e+06 -0.0839098 -0.280039
2.43017e+06 0.200198 0.181788
1.17045e+06 -0.269403 0.0367515
2.5373e+06 -0.184753 -0.0883583
2.14661e+06 0.136336 -0.224877
5.01228e+06 -0.131077 -0.130064
4.66838e+06 -0.151826 -0.0758198
2.93616e+06 0.255866 0.0531094
1.58716e+07 0.048969 -0.128348
1.15413e+07 -0.0902483 -0.0526828
2.34675e+07 0.0398525 0.0448374
1.61216e+06 0.281819 0.0836194
1.12639e+06 0.311964 -0.0435896
2.32505e+07 -0.00453615 0.0423389
1.69102e+06 -0.104029 -0.265666
6.75786e+06 0.00817491 -0.207218
2.11932e+07 -0.0239698 0.0987997
1.47388e+07 0.0862285 0.119977
2.10967e+07 -0.0184377 -0.0490854
1.43718e+07 -0.0885488 0.0708146
1.91893e+06 -0.110409 0.269653
5.29404e+06 -0.021266 -0.222641
1.26459e+07 -0.100042 0.0969634
2.05761e+06 -0.239473 0.0633186
2.69789e+06 -0.0813302 -0.247321
9.66459e+06 0.0579755 -0.170038
2.62762e+06 -0.00443642 0.278104
8.4427e+06 -0.0845952 0.18157
6.84077e+06 -0.0487776 0.215359
6.39256e+06 -0.162145 0.0728498
1.69254e+07 0.122763 -0.0554945
4.00404e+06 -0.185061 0.136997
3.59118e+06 0.105805 0.233609
6.58497e+06 0.0637299 0.213169
2.04563e+06 0.176022 -0.199234
5.53754e+06 -0.13686 0.174614
945590 -0.143816 -0.277479
1.04063e+06 0.158587 -0.249797
4.9655e+06 0.0879458 0.22166
1.99417e+07 0.0897615 -0.06855
1.3569e+07 0.153971 -0.0199342
2.47999e+06 0.253352 0.0918512
9.40674e+06 -0.0916199 0.165107
1.1787e+06 0.261275 -0.149454
1.34712e+07 0.036197 -0.148964
1.77288e+06 0.281996 -0.0672784
2.11305e+06 -0.203018 -0.0640329
1.95439e+06 0.219979 -0.161921
7.27777e+06 -0.146035 0.116058
2.72833e+06 0.139372 0.230212
1.21231e+07 0.108291 -0.12177
2.19809e+07 0.0739797 0.0210779
1.60363e+07 -0.0714366 0.101798
2.05327e+07 -0.0283294 0.00987848
1.28351e+07 0.159337 -0.0185332
1.33763e+07 -0.0534491 0.155301
2.22743e+07 -0.0196835 0.0470294
2.34604e+07 0.0524998 0.0158278
809505 0.191397 -0.239287
9.14257e+06 0.138943 0.120508
444794 -0.277694 -0.0994076
6.15729e+06 0.200627 0.0698074
5.29654e+06 0.0831093 -0.201179
6.3695e+06 -0.153594 0.011898
3.71509e+06 -0.16251 -0.0884457
2.27751e+07 0.0588482 -0.0625972
1.80754e+07 0.121026 -0.0306809
8.28211e+06 -0.13299 0.122236
1.19943e+06 0.15735 0.269873
8.48829e+06 0.151896 0.111473
748286 0.153053 -0.271414
1.95314e+07 -0.0026164 -0.104519
3.89726e+06 0.0980129 0.232533
1.67931e+06 -0.149826 0.255245
6.27137e+06 0.113105 -0.173009
1.35566e+07 0.145273 -0.0606343
3.2152e+06 0.103117 -0.221465
1.49841e+07 -0.0608548 -0.0790469
1.42368e+07 0.12887 0.0569896
7.413e+06 -0.137767 -0.00234932
7.4716e+06 0.196182 -0.0580594
2.37827e+07 0.02983 0.0483665
1.3743e+06 0.172864 0.250252
7.50379e+06 0.108264 -0.163074
3.21483e+06 -0.0323905 0.265085
4.84237e+06 0.18614 0.131488
1.79128e+07 -0.0427821 -0.0640182
1.92179e+07 0.0582915 0.103503
9.79751e+06 -0.0237716 -0.176338
3.99644e+06 0.142343 -0.18338
1.74183e+07 -0.0492218 -0.0340892
2.02952e+07 0.0313928 0.11435
1.56971e+07 0.138436 -0.0273881
1.16153e+07 0.168331 -0.00818963
4.64474e+06 0.122879 0.204408
3.32115e+06 -0.19807 0.0050498
1.19151e+07 -0.0843491 -0.0718783
4.85088e+06 -0.178665 0.0323671
934401 0.17945 -0.240576
2.93207e+06 -0.169631 0.198341
1.64348e+06 -0.246185 0.132299
1.51585e+06 -0.206457 -0.109294
4.23505e+06 -0.126781 0.208137
1.10526e+06 -0.198628 -0.178185
3.75238e+06 0.0347365 -0.239923
1.43526e+07 0.0799954 0.130659
1.03864e+06 -0.169411 -0.240555
1.55145e+06 -0.194718 -0.140756
1.02763e+07 0.0736285 -0.15827
9.47693e+06 0.129112 -0.128235
2.79841e+06 0.0284842 0.273056
1.19229e+07 -0.0188074 0.179797
3.97171e+06 -0.077664 0.240794
4.69847e+06 0.132802 0.195496
6.68717e+06 0.183215 0.0930792
1.59053e+07 -0.00521806 -0.133438
2.17535e+07 -0.0202676 0.0278484
1.5053e+07 0.142695 -0.030298
5.78869e+06 -0.160412 0.128485
6.8041e+06 0.164672 0.121937
1.15498e+06 0.309293 0.050042
1.95262e+06 0.183577 -0.195925
377441 -0.294173 -0.0818083
2.40829e+06 0.102663 -0.238354
1.35093e+06 0.0981315 0.293399
1.84714e+07 0.0604717 -0.104347
1.20209e+06 0.0753862 -0.289535
1.26166e+06 -0.0765934 -0.296541
493511 -0.232431 -0.202751
1.73568e+07 0.115451 -0.0635938
7.72393e+06 -0.146795 0.0814147
1.84081e+07 -0.0390667 -0.0639973
5.69663e+06 -0.0156164 -0.218401
1.43898e+07 0.0377081 -0.142203
2.078e+06 -0.231923 0.130513
2.42495e+06 0.252811 0.0965491
2.38485e+07 0.0292179 0.0400313
1.40178e+06 0.303098 -0.0265029
471068 -0.278417 -0.088417
1.1754e+07 0.0104162 0.182517
4.6557e+06 0.149756 0.180451
601072 -0.282777 -0.0416821
2.83669e+06 0.190286 -0.166246
3.44167e+06 0.237286 0.0799676
1.33027e+06 0.238509 0.186265
2.29636e+06 0.263194 0.0778802
1.30861e+06 -0.0264758 -0.303666
3.7957e+06 0.16223 0.185415
4.77817e+06 0.18979 0.127491
1.61779e+07 -0.0550532 -0.0656388
1.95346e+06 -0.242391 0.0599757
1.2505e+06 -0.0649149 -0.300411
7.7262e+06 -0.139203 0.121692
1.65336e+06 -0.0122869 0.301368
1.3873e+06 0.0122144 -0.299066
1.86244e+06 -0.235965 0.010587
1.43426e+07 -0.0451315 0.152077
2.26125e+07 0.0399784 -0.0747216
1.66716e+07 0.107555 0.0587862
2.28934e+07 -0.00872543 0.0373198
1.02712e+06 -0.221531 -0.126096
6.01789e+06 -0.137038 0.165191
2.4092e+07 0.0395577 -0.0023297
9.10433e+06 -0.0913732 -0.121962
9.42638e+06 0.172958 -0.071901
1.27751e+06 0.302003 0.0583488
2.08655e+07 -0.0253265 0.0107955
1.44605e+07 0.140955 -0.0549005
1.58019e+06 0.0237913 -0.290349
1.86093e+06 -0.194726 0.209445
1.34743e+06 -0.189338 -0.174728
937566 0.0649592 -0.306871
8.20485e+06 -0.133823 0.116277
3.06163e+06 -0.0623773 0.228889
1.13401e+06 -0.0732905 -0.284355
1.51013e+06 0.0236442 -0.295645
4.62325e+06 0.133609 0.158695
2.32512e+07 0.155322 0.00194704
1.57792e+07 -0.102449 0.00517939
1.0653e+07 0.0316216 0.153216
2.62706e+06 0.27663 -0.0235039
1.21095e+07 -0.0527061 -0.1466
7.2961e+06 0.204595 0.055767
1.9357e+07 0.0124646 0.112859
4.73928e+06 0.17429 0.127942
2.76073e+06 0.163849 -0.229592
2.20398e+06 0.170315 0.177137
723274 -0.275078 0.133455
4.04596e+07 0.117454 -0.0468933
4.3608e+07 -0.00238265 -0.067897
1.29337e+07 0.178029 -0.108832
1.62599e+06 -0.131091 0.239819
1.70063e+07 -0.0113762 0.124261
3.62304e+07 0.0538767 -0.115726
1.55842e+06 0.282978 -0.114753
1.9334e+07 -0.0523814 0.0973838
3.37522e+06 -0.0645756 -0.22039
1.71671e+06 0.0539128 0.247021
9.50195e+06 -0.128719 0.103101
6.9024e+06 -0.0201596 -0.204617
591035 -0.0810364 0.301317
1.84415e+06 0.228558 0.136896
1.0501e+07 -0.0184692 0.160566
2.00045e+06 -0.236333 0.0321203
2.46621e+06 0.277224 0.00715988
1.19493e+06 -0.0136983 -0.303812
685143 -0.191523 -0.201416
4.72202e+07 -0.00326625 -0.0399835
5.73213e+06 -0.02894 0.198205
1.38589e+06 0.0368053 -0.300382
7.86009e+06 -0.083497 0.165358
8.4711e+06 -0.13133 0.115859
8.35353e+06 -0.100472 0.150289
5.44664e+06 -0.151506 0.139715
6.43684e+06 0.0329197 -0.222906
6.09194e+06 -0.0520112 -0.193371
9.5958e+06 -0.125422 0.107515
3.04005e+06 0.16233 -0.225509
341264 -0.277991 -0.118236
1.72119e+06 0.0949775 0.231882
9.32798e+06 -0.114733 -0.0759496
6.274e+06 -0.165432 0.00620267
696321 -0.177693 -0.226396
436090 0.177748 0.259151
1.61789e+06 -0.234646 -0.0255118
3.00358e+06 0.251522 0.0597813
4.04507e+06 0.165891 0.144836
2.0296e+06 -0.173366 -0.123284
5.27126e+06 0.187336 -0.172027
608159 -0.163501 -0.265119
1.57002e+07 -0.0810741 -0.0804656
1.76235e+06 -0.152418 -0.171583
2.22202e+06 0.278095 0.0283292
1.76088e+07 0.176791 -0.00984948
744969 -0.113176 0.284316
3.57226e+06 0.111524 -0.242365
2.03982e+06 0.246568 0.106236
3.48085e+06 -0.011221 -0.245333
3.51533e+06 -0.194027 0.117508
3.97421e+07 0.0742184 0.032661
3.10532e+06 0.259397 0.0343636
4.46578e+06 0.220609 -0.140037
7.89469e+06 0.196451 -0.128127
582715 -0.296008 -0.0132528
1.95621e+07 -0.0852971 0.0268368
3.73712e+07 0.117168 -0.0716854
2.12318e+06 0.138947 -0.256549
4.12519e+07 0.034752 -0.101656
4.48131e+07 0.0935384 0.00215895
2.45761e+07 0.157185 -0.048477
1.05961e+06 -0.0302274 0.280799
1.07355e+06 -0.229116 0.182249
2.21822e+06 0.180598 -0.229473
513203 -0.308916 0.0437379
547325 -0.21685 -0.176223
1.91006e+07 0.139264 0.0540345
1.28812e+06 -0.0170938 -0.298563
3.29311e+07 0.0517646 0.0591629
2.87179e+07 0.103195 -0.118703
2.21009e+06 -0.147807 0.21296
1.10618e+06 0.260389 0.135343
1.55987e+07 -0.00424882 0.131464
4.0541e+06 -0.126371 0.18796
397576 -0.252878 -0.142797
1.46989e+07 -0.0834081 0.104756
1.80443e+06 0.286281 -0.0837329
3.76098e+06 -0.201676 0.0668236
5.62587e+06 -0.00579078 0.198599
1.97676e+07 0.0741013 0.0952913
1.71358e+06 0.168612 -0.250955
421621 0.165312 0.268761
2.11355e+06 -0.222089 -0.0187666
1.99369e+07 0.00893983 0.110598
1.16599e+07 -0.119145 0.084728
4.70838e+07 0.0043605 -0.000914116
8.10439e+06 0.138663 -0.185891
1.11408e+07 0.0864543 0.130223
4.37415e+07 0.0117415 0.0211374
4.72547e+07 0.0478106 0.0191263
4.01864e+06 -0.196591 0.0281298
2.45438e+06 -0.198645 0.152539
2.64923e+06 0.0922675 -0.262252
1.77859e+06 0.183946 0.179457
788046 -0.283274 0.0089418
3.54976e+07 -0.00807572 0.0408845
2.90974e+06 -0.124273 -0.171079
3.23062e+06 0.129316 0.181476
4.07886e+07 0.0771015 0.0282299
6.06226e+06 0.10785 0.157301
1.92141e+06 -0.14823 0.22111
1.87015e+07 -0.0269027 0.113278
1.11473e+06 -0.205246 -0.122875
2.09887e+07 0.167268 -0.0196905
4.3776e+07 0.0792178 0.0182209
1.60738e+06 0.0395206 -0.292732
1.30584e+06 0.0843932 -0.297682
745814 -0.270829 0.14058
1.16743e+07 0.153691 0.0820157
2.63847e+06 -0.0800231 -0.224242
2.51534e+07 -0.0624981 -0.0364511
8.60238e+06 -0.148082 0.0663316
3.73683e+07 -0.0112946 0.0289734
3.29867e+07 -0.00742537 -0.100934
3.56903e+06 -0.135891 -0.136819
423552 0.136652 0.284703
5.29367e+07 0.0244229 -0.00719771
5.54223e+06 -0.178516 0.0585031
1.95732e+06 0.124787 -0.266496
1.63752e+06 0.289247 -0.0891155
3.85697e+06 -0.0509802 -0.22137
3.93974e+07 0.095726 0.0192504
3.0769e+06 -0.0441495 0.23087
2.49256e+06 0.0787229 -0.267868
2.0087e+07 -0.0835376 0.000406627
1.85411e+06 0.151434 0.198743
2.12207e+06 0.013104 -0.276807
4.64445e+07 0.0848375 0.00530159
701412 -0.272264 -0.0498388
761623 -0.192756 -0.185424
3.30368e+06 0.0172986 0.223707
4.92519e+06 -0.0381314 0.206319
7.74235e+06 0.151259 0.114425
7.90659e+06 0.00278338 -0.205862
4.06924e+06 -0.191913 0.00679103
5.03294e+07 0.0889908 -0.0176822
5.21831e+07 0.0318491 -0.069997
2.19352e+07 0.0610802 0.092048
1.34731e+07 -0.032771 -0.155722
1.91263e+07 0.151444 0.0382888
1.02673e+06 -0.268545 0.00697588
3.87992e+07 0.0128542 0.0395425
2.72796e+07 0.0845415 -0.132522
1.54991e+06 0.297481 0.0239354
1.22456e+06 0.208439 0.181635
867470 -0.182045 0.244344
749218 -0.023626 0.295487
5.87073e+06 0.236814 -0.00985905
4.15014e+07 0.0569903 -0.102669
1.82329e+06 -0.242078 0.0622904
2.78289e+07 -0.0301681 0.0621724
1.51381e+07 0.153124 -0.129393
3.95475e+06 -0.109834 0.19924
295549 -0.268971 -0.1479
5.78108e+06 0.220827 -0.113931
3.32885e+07 0.00692469 -0.110665
4.7932e+06 -0.0960882 0.193612
2.36509e+06 0.256276 0.0763583
1.0288e+07 -0.123166 -0.0355135
1.54106e+07 0.177077 -0.0877821
4.7065e+07 0.0779718 0.00877037
1.32979e+07 -0.0307464 0.142191
8.47589e+06 0.190016 0.0649692
292076 -0.298438 -0.10438
2.54898e+06 0.147812 -0.243148
1.06631e+06 -0.262641 0.109106
5.37826e+07 0.0431708 -0.0688017
6.44872e+06 0.0110559 -0.219106
2.0213e+07 -0.0525391 -0.100764
2.53037e+06 -0.216405 -0.00445483
2.75579e+06 0.00375822 0.234945
2.66264e+06 0.0627676 0.222308
1.00538e+06 0.308265 0.0637761
894174 -0.275234 0.0025785
602612 0.247917 0.18872
1.78281e+07 -0.0932945 0.0277229
4.27134e+06 0.00695806 -0.239637
2.01008e+06 -0.102384 -0.223266
1.20738e+07 -0.085971 -0.103564
9.77024e+06 -0.0966728 0.138795
1.55892e+06 0.136064 0.216729
1.60102e+07 0.110483 -0.159252
573008 -0.20034 -0.207703
4.41231e+06 0.171321 0.135096
8.33726e+06 0.204735 0.0397918
9.56103e+06 0.19968 0.0332197
754812 -0.054056 0.2942
4.03445e+06 -0.0301149 -0.229988
352708 -0.250553 -0.161316
829861 -0.272656 0.119205
1.39938e+07 0.000414998 0.139591
1.18358e+07 0.00472268 0.151228
1.20086e+07 -0.119712 -0.00912124
2.55184e+07 -0.0333697 -0.101048
1.90819e+06 0.117263 0.216077
1.07633e+06 -0.0117194 0.279651
4.63161e+06 0.241846 -0.0862071
1.70563e+06 0.0718028 -0.287143
5.59429e+06 -0.037329 -0.207831
1.038e+07 -0.0153538 -0.183064
2.91016e+06 -0.106796 0.218866
4.58111e+06 0.0478797 -0.240883
1.35278e+06 -0.213937 -0.0891773
2.30536e+07 -0.0714026 0.0183591
8.0411e+06 -0.151483 0.0164527
1.73267e+07 -0.0271048 -0.141702
5.3998e+06 -0.005555 -0.223848
4.13563e+06 0.0582384 -0.245681
690512 -0.176668 -0.229314
2.14166e+07 -0.0705325 -0.0524675
1.15769e+06 -0.0342183 -0.300194
2.47885e+07 -0.0637227 0.024049
3.43496e+06 -0.206016 0.0762834
2.70553e+06 -0.216739 0.0125956
1.91187e+06 -0.195123 -0.0891675
3.02204e+07 0.110639 0.0368134
3.34145e+06 0.202353 0.124431
1.20685e+06 -0.017858 -0.30227
1.84644e+07 -0.0199498 0.116005
2.48882e+07 0.15567 -0.0532686
2.57234e+07 0.105357 0.0570274
1.69649e+07 -0.0856284 -0.0550432
4.48933e+07 -0.0100932 -0.0335721
2.18444e+07 0.135171 -0.115917
4.15211e+07 0.0271434 0.0346757
1.37024e+07 0.193789 -0.0391443
1.55809e+07 0.0432713 -0.175146
1.3269e+06 -0.252782 0.103493
4.23715e+06 -0.111357 0.194042
1.57515e+06 0.173908 -0.251827
581716 -0.300594 0.0683946
2.46739e+06 -0.160655 -0.127799
3.12537e+06 0.154573 -0.228936
2.75063e+07 0.105771 0.0504707
3.72446e+06 -0.0381091 0.221441
5.50053e+07 0.0384419 -0.0626578
1.30985e+07 0.137257 0.087981
1.1918e+06 -0.0241219 -0.301422
361762 -0.254083 -0.151283
4.60393e+07 0.0893546 0.0022346
823593 -0.223624 0.209923
8.93923e+06 -0.0570464 0.166038
2.8183e+06 0.129469 0.188871
4.10783e+06 0.232083 -0.126793
1.83468e+07 -0.0894123 -0.0119743
576459 0.193977 0.233518
6.03747e+06 -0.166475 0.095797
3.53591e+07 0.117956 0.00756122
1.24993e+06 -0.183895 -0.149961
3.8033e+06 0.144206 -0.224709
936652 0.299959 0.0898032
901287 0.219274 0.190268
1.74105e+07 -0.0894289 0.062089
3.90958e+07 0.102957 -0.0852309
1.0696e+07 0.196964 -0.0918958
3.53818e+07 0.123396 -0.00307679
937620 -0.0729917 -0.298075
1.04533e+06 0.017237 0.278022
4.39707e+06 0.22844 0.0650449
3.58853e+07 0.018643 0.0511116
1.00284e+06 0.128672 0.243468
1.09831e+06 0.0947951 0.254507
1.44038e+06 0.117712 0.230407
1.18802e+07 0.154479 0.0797991
2.37973e+07 0.126211 -0.117081
9.45054e+06 -0.051712 0.163487
4.27229e+07 -0.0121043 -0.00520803
1.24354e+06 -0.26174 0.0666547
9.61943e+06 -0.131364 -0.0213487
1.37188e+06 0.220198 -0.222039
1.03707e+06 -0.267607 0.00488254
1.0575e+07 -0.11866 -0.0447637
967358 -0.138182 -0.245615
6.7985e+06 -0.15657 0.100078
948690 -0.0517291 -0.306972
657546 -0.195844 -0.197801
6.79404e+06 -0.0991674 -0.137563
3.4303e+07 0.116822 -0.0863602
6.94255e+06 -0.137272 -0.0621382
3.2132e+06 0.010731 0.226269
5.05121e+07 0.0780779 -0.00355782
1.97887e+07 -0.0779365 0.0571776
1.59117e+06 -0.107491 0.250399
2.98633e+07 0.133926 -0.0791327
2.84377e+06 0.251127 -0.00273944
6.7208e+06 -0.182619 -0.122552
1.34008e+06 0.0737322 -0.241093
4.80833e+06 -0.209404 -0.117573
1.25875e+06 0.0133095 0.222666
2.8827e+07 -0.0883383 -0.017349
1.12636e+07 -0.0124187 0.0872421
407278 0.0796002 -0.297581
1.03943e+06 -0.141464 -0.271137
2.41123e+06 -0.0420926 -0.240333
847915 0.078904 0.248503
2.62054e+07 -0.0288312 -0.00601861
3.2915e+06 -0.221464 -0.13603
1.28886e+06 0.288506 -0.0415781
1.69485e+07 -0.149006 0.0190195
1.37843e+07 0.0574048 -0.0792205
675717 -0.235148 0.209685
1.72261e+06 -0.0266974 -0.25631
1.9595e+06 -0.248372 0.109997
1.69506e+06 -0.0761978 -0.259606
9.51769e+06 -0.0170457 -0.151437
2.43808e+06 -0.242961 0.0971309
2.71248e+06 -0.058842 0.17755
8.93369e+06 -0.200411 0.0134442
1.9851e+06 -0.102281 0.190476
1.07598e+07 -0.191703 -0.00805808
1.06977e+07 0.0250791 0.0833712
2.17445e+06 0.1807 0.155628
944863 -0.0994705 0.232988
7.25378e+06 0.188787 -0.00303816
2.61892e+07 -0.0436206 -0.0573752
1.03656e+06 -0.153959 -0.266482
4.44137e+06 0.0297659 -0.188129
1.74124e+07 -0.0809349 -0.109465
4.46892e+06 0.193916 -0.0869479
1.3394e+07 0.103443 0.0365617
5.86575e+06 0.19975 -0.033314
1.96012e+07 -0.123449 -0.0747901
1.57145e+07 0.052332 -0.0622746
3.37857e+06 0.21744 0.0858556
6.08762e+06 -0.127642 -0.173068
1.62053e+06 0.233457 0.133439
1.39375e+07 -0.130812 -0.106707
1.57919e+07 0.0266147 -0.0831907
657889 0.12003 0.263233
1.84882e+07 -0.141727 -0.0582031
1.15772e+07 -0.0452393 -0.143006
2.13977e+07 0.00968455 -0.000613586
5.23879e+06 0.0121018 0.134909
5.30382e+06 0.0655517 -0.163383
430907 0.175891 -0.25601
9.68527e+06 -0.125445 0.0930828
1.6909e+07 -0.128182 -0.0887027
1.19506e+06 0.268292 -0.107684
1.05634e+07 -0.174035 0.0470119
1.10547e+07 0.135458 -0.0412094
675860 0.16582 0.243752
696157 0.0920523 -0.26724
2.85696e+06 -0.0655537 -0.232056
389473 -0.0232497 0.309001
663815 0.0356019 0.271432
788803 -0.0400965 -0.298578
1.73085e+07 0.0151843 -0.0792923
5.63112e+06 0.194457 -0.0550501
2.89145e+07 -0.0539372 -0.0127069
4.50179e+06 0.109288 -0.155836
1.76839e+07 0.055887 -0.000954758
790736 -0.0671526 0.250666
1.0584e+06 0.201465 0.191406
1.66998e+06 -0.273646 0.0824192
2.49319e+06 -0.0116145 -0.233549
6.5036e+06 -0.0579318 0.128271
1.23678e+07 0.0995674 0.0513156
9.25841e+06 -0.198018 -0.0497032
3.18112e+06 -0.10063 -0.22194
6.79813e+06 -0.0627402 0.125724
1.03931e+07 -0.0460578 -0.151136
4.83256e+06 -0.218553 -0.100791
7.05502e+06 -0.144631 0.105992
3.34259e+06 -0.255771 -0.0437979
1.41669e+07 0.0567242 0.0477702
2.5401e+06 0.223975 -0.103229
1.92868e+07 -0.146919 -0.0227091
6.7163e+06 -0.21724 0.0170049
3.81958e+06 0.0541405 0.151056
2.68229e+06 -0.171884 -0.200874
763689 0.307347 -0.0727987
1.34798e+06 -0.107175 -0.267216
1.21803e+07 -0.182739 -0.0337227
1.05224e+07 -0.189586 0.013105
2.60306e+06 -0.150172 0.163495
1.41634e+06 -0.229283 -0.196503
1.29092e+07 -0.0788791 -0.134951
2.71577e+06 0.112629 0.166004
513560 -0.114426 0.267038
1.16878e+06 -0.246851 0.156292
4.1573e+06 -0.243909 -0.0482663
9.40341e+06 -0.192495 0.0280724
2.67357e+06 0.208107 -0.119573
1.01227e+07 -0.0568427 0.100837
2.60945e+06 -0.146439 0.164674
872900 -0.00118 0.249788
1.24107e+06 0.0767489 -0.243991
342500 0.101705 -0.297333
1.37498e+07 0.118257 -0.00115736
1.79256e+07 0.0265485 -0.0630068
2.70036e+07 -0.065443 0.00994094
4.16099e+06 0.154214 -0.134315
604515 -0.143571 0.248856
692794 0.236823 -0.191053
991068 0.261944 0.140113
1.07783e+07 0.0436023 0.0793639
2.21926e+07 0.00762141 -0.0155133
1.27917e+06 0.0992784 0.215442
1.82965e+07 0.044905 -0.030694
1.6264e+07 0.0451489 0.0314645
2.49857e+06 -0.110216 0.176604
1.54588e+06 0.165036 -0.193873
2.61569e+06 0.177106 -0.151535
978255 -0.103018 0.230157
2.69361e+06 -0.238379 -0.128369
657820 -0.223072 0.21802
889419 -0.145813 0.225061
1.14126e+06 -0.263475 -0.171679
1.26357e+06 0.247137 -0.135254
3.87483e+06 -0.186469 -0.163746
3.35185e+06 0.214934 0.0904589
4.20293e+06 -0.24283 -0.0511012
475576 -0.129451 0.267801
2.04822e+07 0.0203017 -0.0356366
1.10692e+06 -0.302719 -0.0810606
2.75142e+06 -0.0453197 -0.233431
1.16704e+07 0.0927146 -0.0768806
9.28203e+06 0.0329169 0.0934054
1.48926e+07 0.00561955 0.0584625
735903 0.0925776 0.258752
2.85833e+07 -0.0787462 -0.00419783
2.36075e+07 -0.00496751 -0.0343598
5.23239e+06 -0.169932 0.111404
1.5434e+06 0.231377 -0.138352
1.00425e+06 0.127454 -0.235706
1.75016e+07 -0.0790268 0.0600124
6.17755e+06 -0.222308 0.0162899
4.30463e+06 0.213729 -0.0562704
4.40043e+06 0.0144244 -0.193694
2.21439e+06 -0.122172 0.180553
7.03083e+06 -0.102137 -0.173235
4.62563e+06 -0.167853 -0.166803
4.30087e+06 -0.132796 -0.193164
2.51376e+06 -0.252953 -0.10641
6.47334e+06 -0.217871 0.0234085
6.80371e+06 0.161969 0.0783828
4.96575e+06 -0.134457 -0.183181
8.92729e+06 0.169939 -0.0101739
2.03389e+07 -0.13497 -0.0515516
2.70708e+06 0.14971 0.156159
2.07395e+07 0.00625101 0.0126744
702778 0.162298 0.242246
3.60307e+06 -0.24539 0.0440078
6.36239e+06 0.0476439 -0.15752
1.83355e+07 0.0276676 -0.0571064
2.17417e+06 -0.0783093 0.188699
1.93926e+07 -0.00395442 0.0319581
1.83547e+06 0.0866551 -0.219932
1.70129e+06 0.0979798 -0.219855
4.46704e+06 0.223039 -0.0117739
3.87516e+06 0.231108 0.026495
1.22056e+06 0.0746875 -0.245556
1.40643e+06 -0.255378 -0.164264
9.30851e+06 0.0912362 0.0843387
6.10294e+06 -0.185137 0.0875232
1.09818e+06 -0.28068 0.117889
388496 -0.142582 0.277514
5.42716e+06 -0.206477 0.0726116
3.483e+06 0.227087 0.0638678
1.16602e+07 -0.0680039 0.0915713
9.66933e+06 -0.135252 0.0887099
684691 0.229434 0.202623
4.64642e+06 -0.224766 0.0585543
8.0293e+06 0.174609 0.0352663
4.50339e+06 -0.0161479 0.146874
8.78968e+06 0.0316793 -0.139404
1.12393e+06 0.197489 -0.191655
1.35451e+07 -0.0323183 -0.128038
1.05255e+07 0.149558 -0.0241932
797483 0.154441 -0.235464
5.62325e+06 -0.0313855 0.135253
2.15342e+06 -0.279046 -0.0276248
5.45686e+06 -0.0117334 -0.187765
5.88437e+06 -0.0330083 0.132713
1.7943e+06 -0.288492 -0.0120813
3.84535e+06 -0.0087635 -0.208308
8.77973e+06 -0.204983 -0.0219263
2.49252e+07 -0.0225041 -0.0491713
5.73772e+06 0.198515 0.046983
1.17555e+06 0.122473 0.217171
916205 0.267729 -0.13489
944039 0.293369 0.0892657
1.49599e+07 0.0351661 -0.0841575
4.69399e+06 0.0295522 -0.184701
523189 -0.0408847 0.284506
369859 -0.0504432 0.307067
844530 0.0614659 0.250252
7.9053e+06 -0.0546527 -0.170929
343954 -0.114674 0.293353
1.11227e+07 -0.121058 -0.132635
5.37323e+06 0.210996 -0.00748071
3.75605e+06 -0.244619 0.0390338
2.13797e+06 0.0159082 -0.234867
1.18855e+06 0.183629 0.193946
1.27213e+07 0.0321396 -0.105375
2.34372e+06 -0.27096 -0.0581535
3.3828e+06 -0.219872 0.0987978
1.10074e+07 0.149041 0.0030139
645306 0.173267 0.243798
7.61826e+06 -0.150571 -0.143104
1.38826e+06 0.251521 0.12421
1.09521e+06 0.186429 0.197966
1.23758e+06 0.195138 -0.187445
1.37513e+06 -0.262976 -0.154209
584803 0.0304448 0.281995
1.16094e+06 -0.0284289 -0.277193
6.13077e+06 -0.150479 -0.159392
1.86058e+07 0.0439962 -0.0212634
4.58244e+06 0.211319 0.0565979
797203 0.281751 -0.126057
4.05174e+06 -0.18663 0.117153
1.0217e+06 0.23167 0.170749
6.58906e+06 0.148785 0.0917784
672988 0.232519 -0.196562
2.37615e+06 0.0768136 0.178319
1.68098e+07 0.0637536 0.0117128
3.26133e+06 -0.251074 -0.0723025
8.93902e+06 0.016079 0.0989074
5.05532e+06 -0.158796 -0.167294
5.77721e+06 0.04292 0.125806
1.10236e+07 -0.180296 0.0298515
592243 0.0820799 0.278811
739903 0.161673 0.238418
1.42953e+07 0.00950611 0.0612427
7.25122e+06 0.188888 -0.00155409
408842 0.0961894 -0.291083
2.04696e+06 -0.18075 0.164293
702800 -0.0144561 -0.300635
1.06702e+07 0.12801 -0.0577877
874910 0.227207 0.186083
2.01158e+06 -0.173764 0.168642
9.64062e+06 -0.167065 0.06542
8.07325e+06 -0.0102788 0.110256
1.3363e+07 0.115545 0.0245622
1.09991e+07 -0.145719 0.0722448
1.47283e+06 0.152988 -0.203417
577234 -0.0316676 0.278855
1.7781e+07 -0.0552015 0.0583146
2.51549e+07 -0.102348 -0.0558104
2.00078e+06 0.0993636 0.186631
2.83643e+06 -0.255729 -0.0810949
1.28869e+07 0.120501 -0.0292863
2.4174e+06 0.243496 0.0791488
2.94812e+06 -0.227865 -0.13677
1.02634e+06 -0.243737 0.169787
613802 0.108865 0.27186
3.31614e+06 -0.17615 -0.18367
865364 -0.13809 0.228751
1.16288e+07 0.14143 -0.0100693
3.15907e+06 0.083352 0.160581
4.3263e+06 -0.244328 -0.0275372
1.10932e+07 -0.178242 -0.0718311
901885 0.28376 -0.109206
6.29962e+06 0.194395 -0.0329068
1.97788e+07 0.0293741 -0.0280125
2.22503e+06 0.151978 0.167721
1.2977e+07 -0.164181 0.0353997
3.95367e+06 0.228042 0.0358481
1.81024e+07 0.04 0.0118011
4.42737e+06 0.119411 0.133767
3.18747e+06 0.240129 -0.0346463
4.71726e+06 0.202801 -0.0654764
9.30131e+06 -0.19994 -0.038179
6.80419e+06 0.132625 -0.107915
947625 0.168179 0.216993
2.18426e+06 -0.115286 0.182825
2.36778e+06 -0.272193 0.0248976
1.53722e+07 -0.0197572 0.0636261
7.43905e+06 -0.125218 -0.160504
1.00506e+06 0.0494348 0.237297
7.02888e+06 0.0487358 -0.149719
2.53416e+07 -0.0416525 0.0133482
5.45078e+06 0.209498 0.0186447
1.6278e+06 0.281214 -0.00502793
8.66889e+06 0.108636 0.0860637
2.83509e+07 -0.0770526 -0.0467307
2.19863e+06 0.0991417 -0.205246
4.64285e+06 2.94738e-05 -0.19467
720954 -0.0161507 -0.299664
1.3437e+07 -0.154132 -0.0866004
2.86888e+06 -0.0139337 0.172835
932460 -0.134933 0.225246
1.03963e+06 0.234204 -0.165532
8.58953e+06 -0.104362 -0.158946
617355 -0.166185 0.241506
2.5487e+06 0.254453 -0.0285537
1.71343e+06 -0.0584057 -0.25948
2.2772e+07 -0.0159106 0.0146
1.24108e+06 0.177289 0.194299
501931 -0.0540378 0.284756
5.51468e+06 0.194459 -0.0584048
663141 -0.0288852 0.268945
4.21575e+06 -0.0819043 0.152134
635479 0.0559586 0.274448
2.69644e+07 -0.0312528 -0.0147825
1.01769e+07 -0.193825 0.00409993
6.01959e+06 -0.123365 -0.175768
894894 -0.248065 0.177302
1.84982e+06 0.00409094 0.197897
742904 -0.037943 -0.30145
1.85468e+06 0.242077 0.110607
2.53585e+07 -0.0997034 -0.0567104
1.77501e+06 -0.0795315 -0.27371
5.11473e+07 0.103327 -0.000426198
4.28589e+06 -0.111878 0.11779
8.24159e+06 0.200732 0.0790401
908975 -0.191471 -0.249443
5.98802e+06 0.18921 -0.1594
1.81745e+06 -0.0186863 0.219539
2.02548e+06 0.278668 0.0586132
1.01827e+07 -0.0298604 0.128494
577716 0.184127 0.245977
2.11307e+07 -0.0709744 -0.126663
3.90795e+06 0.181205 0.153462
1.84594e+06 0.203776 0.176594
1.0873e+06 -0.204174 -0.22839
939870 0.162841 0.233274
1.91872e+07 -0.0499214 -0.153032
6.5462e+06 0.220305 0.0658292
6.35763e+06 0.045915 0.17478
2.11399e+07 0.112393 -0.141491
4.25198e+07 0.0189818 -0.114384
4.53582e+06 0.173945 -0.192052
1.38313e+06 -0.257052 0.0512097
1.46232e+06 -0.273052 -0.0568828
3.78803e+06 -0.026953 0.181931
865436 0.201191 0.216873
2.33248e+07 0.112134 0.0879378
2.28638e+06 -0.190887 0.0859673
1.69061e+06 -0.263297 -0.0688382
1.1691e+06 -0.285316 -0.066375
1.12572e+07 0.0621363 0.146531
5.87566e+06 0.086454 0.176126
2.90367e+06 -0.195372 0.0582145
2.16221e+07 -0.0961352 -0.023214
1.40405e+07 0.0841605 -0.182564
323119 0.0266203 0.311202
7.82851e+06 0.0186843 -0.224564
4.9546e+06 0.25076 -0.00629938
479620 -0.115878 0.243904
2.80909e+06 0.260566 -0.104104
4.76028e+06 -0.0204629 -0.244847
3.56553e+07 -0.0472274 0.00376428
2.83471e+07 -0.0182214 0.0654514
4.13291e+06 -0.0531483 -0.243413
4.09425e+07 -0.0387639 -0.0750707
775176 0.0262835 0.266138
1.1405e+07 -0.0232819 -0.198932
3.64294e+07 0.0562207 0.0718437
1.68908e+07 0.118583 0.107446
1.25979e+07 -0.103894 0.0428804
2.70825e+06 -0.0908379 -0.249445
1.26889e+06 0.292757 -0.114016
4.0879e+07 0.0966548 0.0466592
3.78691e+06 0.156227 0.171894
2.737e+07 0.117037 -0.116716
329152 -0.243892 0.193809
4.89301e+07 0.107158 0.00313988
2.82031e+06 0.26183 -0.100086
2.6625e+07 0.124851 -0.111565
2.98265e+06 0.195415 0.1571
2.29738e+06 -0.109677 -0.248579
4.35918e+06 -0.163392 -0.166937
431892 -0.15632 0.225327
3.42615e+07 0.0695258 -0.127411
515738 -0.0758928 0.261213
5.69899e+06 -0.135127 -0.176246
1.82313e+06 -0.22329 -0.16578
5.50031e+07 0.0135899 -0.0819296
1.68991e+06 0.296149 0.00890241
4.04147e+06 0.256966 0.0211321
2.01756e+06 -0.23631 0.0367474
6.23833e+07 0.0790148 -0.0387154
782676 -0.172022 0.17604
2.0195e+06 0.223559 0.153582
406750 0.0751811 0.294792
1.17123e+07 -0.0783143 0.0811232
4.39533e+07 -0.00360776 -0.102862
600422 -0.22617 0.160046
8.50228e+06 -0.0432953 0.130909
1.33515e+06 -0.248322 0.0704155
7.15874e+06 -0.160376 -0.119204
1.6191e+06 -0.259748 -0.101153
493178 -0.159723 0.214068
9.34984e+06 -0.155023 -0.0263876
7.10148e+06 -0.0987744 0.0966551
4.21531e+07 0.0289415 -0.116348
653349 -0.166292 0.191347
1.70529e+06 -0.106869 0.176105
8.48632e+06 -0.0309915 0.138251
3.64789e+07 0.104961 -0.0997087
1.77793e+06 0.123314 -0.268284
6.11327e+06 0.205329 0.0984987
1.1359e+06 0.0649464 0.249357
4.98231e+07 -0.0179645 -0.0685349
297394 0.0128316 0.315743
1.22363e+07 -0.0081517 0.128734
1.74454e+07 0.168757 -0.0938954
2.10303e+06 -0.172409 -0.211531
565401 -0.0285192 0.273079
5.45141e+07 0.0163959 -0.0845678
7.91567e+06 -0.167914 -0.0379524
448131 0.104972 0.284654
1.73312e+07 -0.061034 -0.153604
5.70321e+06 -0.154631 -0.154052
438548 -0.0490604 0.280944
1.11125e+07 -0.145112 -0.0742836
2.87832e+06 0.2417 0.105048
930083 0.185203 0.222746
3.82822e+07 0.0609907 0.0672763
4.98463e+07 0.0507107 -0.0978608
1.49262e+06 -0.27147 -0.0613246
1.77377e+07 0.069456 0.120515
520522 -0.288258 0.117295
2.70073e+07 -0.0514528 0.0362819
1.03298e+07 0.215699 -0.0175383
9.96628e+06 -0.15096 -0.0271932
1.5858e+07 -0.0082328 -0.183037
4.88078e+06 0.00324833 -0.246629
1.19326e+06 0.178062 0.214991
772465 -0.248727 0.123236
9.01267e+06 -0.158702 -0.0330183
447387 -0.266599 0.152495
2.9725e+07 0.0124376 0.0793668
3.99576e+06 0.136914 0.17897
1.21693e+07 -0.050276 -0.185025
7.75568e+06 -0.106039 -0.17961
5.55577e+06 -0.058416 0.145233
6.09145e+07 0.0329167 0.0118685
1.88881e+07 -0.0333671 0.0861495
609541 0.00926118 0.276155
891945 -0.144478 -0.277439
1.77806e+06 -0.192589 -0.204508
1.12456e+07 -0.101443 -0.15487
4.16e+07 0.105426 -0.0834781
903516 0.158585 0.236857
312851 -0.141131 0.2581
1.33802e+06 -0.246317 0.0730554
5.06007e+06 -0.190088 -0.100842
1.38852e+06 -0.181818 -0.23034
1.58157e+07 0.191458 -0.0402322
1.54803e+07 0.177257 0.0524271
983771 0.00288512 0.252629
1.02435e+06 0.311867 0.0428079
1.33187e+06 -0.00741609 0.236779
3.40139e+07 0.0782737 0.0736468
279147 -0.137502 0.268951
1.08709e+06 -0.171024 0.155681
1.35918e+06 -0.194613 0.123345
262919 -0.207362 0.234902
6.46419e+07 0.061364 -0.0539227
5.25121e+06 -0.137115 -0.180452
4.25813e+06 0.228938 0.0925554
4.22571e+07 0.112277 -0.0714572
1.86248e+06 -0.235598 -0.142419
1.35682e+06 0.136474 -0.274205
1.30766e+06 0.0496866 -0.300596
2.80462e+06 -0.0374297 0.19202
266879 -0.168325 0.255209
7.29547e+06 -0.0730781 0.118425
3.51563e+06 -0.219274 -0.0324835
5.33933e+06 0.118385 0.172349
6.96456e+06 -0.0104405 0.15827
1.05526e+07 -0.14971 -0.0449727
1.05e+06 -0.0254582 0.24315
7.2608e+06 -0.171533 -0.0258836
1.20847e+06 -0.143096 -0.263106
3.21618e+07 -0.0656499 -0.0259539
2.41559e+06 0.048562 -0.27584
3.32452e+07 -0.0625468 -0.0242819
2.14593e+07 0.117407 -0.136668
3.14645e+06 0.156113 -0.224769
1.07478e+06 -0.0440606 -0.304481
1.92372e+06 0.047627 0.227619
2.71617e+06 0.276405 0.00597298
3.36066e+06 0.173261 -0.209323
1.47997e+06 0.159233 0.214629
3.2864e+06 -0.0958867 -0.237294
608933 -0.297321 0.0875985
2.37685e+06 0.283118 -0.012795
1.17959e+06 0.310672 0.0123294
2.4065e+06 0.250615 -0.141701
5.35293e+06 -0.19297 -0.070625
5.43741e+06 -0.035169 -0.235194
1.13197e+07 -0.122511 0.0242623
1.64132e+06 0.298525 -0.024322
1.64346e+06 -0.132507 0.158828
1.04977e+07 0.192975 0.0678834
553485 0.168562 0.255103
5.00201e+06 -0.00873825 -0.244305
3.09773e+06 -0.175449 0.0766362
5.95355e+06 -0.17999 -0.0086182
2.76119e+06 0.268088 -0.0829609
486840 0.0536148 0.287996
3.18669e+07 -0.00901984 -0.132688
2.992e+06 0.156365 -0.227117
4.60484e+07 0.0454442 -0.107129
6.79145e+06 -0.148547 0.0382766
661499 -0.180146 0.181826
2.73532e+07 0.0883786 -0.136792
516171 -0.0798123 0.259325
3.092e+06 -0.00502313 -0.266461
3.32648e+06 0.121974 -0.240758
5.95934e+06 -0.131218 -0.176658
3.90014e+06 0.216213 -0.156493
2.81681e+06 -0.208293 0.0424525
6.08448e+06 0.195533 0.111561
1.69731e+07 0.17807 -0.0770467
2.03588e+06 0.215689 -0.199955
2.29451e+06 0.158385 0.195002
2.24796e+06 -0.247689 -0.0429072
1.18695e+07 0.0380826 0.142902
1.42909e+07 -0.125506 -0.0224768
6.29469e+07 0.0146926 -0.0100877
2.33633e+06 -0.240085 -0.0014248
1.9305e+06 -0.147245 0.137247
3.4915e+07 0.0119807 -0.131062
1.82312e+06 -0.168552 -0.223784
4.40282e+06 0.189068 0.139806
4.18644e+07 -0.00554444 -0.107451
1.1922e+07 -0.051744 -0.185635
6.66554e+06 -0.130429 0.0655849
7.20864e+06 0.0345112 -0.22814
3.89694e+07 0.0229636 0.0610374
2.17019e+06 0.252384 -0.147554
2.68366e+07 0.148959 -0.0743666
6.07428e+06 0.239998 0.00877748
5.70529e+07 0.0817233 -0.0611935
9.75137e+06 -0.124894 0.0372528
1.05149e+07 0.0307747 -0.209216
2.8394e+07 -0.0744394 -0.0197077
1.37462e+07 -0.1313 -0.039693
432854 -0.212533 0.192114
510321 0.117777 0.275562
821379 -0.288589 0.0640302
1.16399e+07 0.208691 -0.0011215
1.24811e+06 -0.243856 -0.173532
1.22516e+07 -0.0745017 -0.170552
2.0351e+06 -0.10944 0.164253
4.50656e+07 -0.0333981 -0.0606782
5.95487e+07 0.0499627 0.0185765
3.05685e+07 0.0266727 -0.143245
2.96354e+06 0.0874276 0.206747
1.66126e+06 -0.229223 0.072351
3.4489e+06 -0.202283 0.0269217
8.8882e+06 0.0894274 -0.205898
2.29884e+07 -0.0806904 0.00831744
2.03778e+07 -0.075718 -0.125227
5.33574e+06 0.247473 -0.00869427
5.87386e+06 -0.143446 -0.165099
1.693e+06 0.292565 -0.0685431
1.70626e+06 -0.206591 -0.193047
1.25682e+06 -0.166014 0.149963
2.94088e+07 0.141854 0.0320386
3.08803e+06 0.106142 -0.250798
4.63553e+06 0.0637445 0.189414
706500 0.0404346 0.270795
1.74874e+06 0.192975 0.187422
858045 -0.000315131 0.258433
2.6297e+06 -0.213287 0.042705
4.82899e+06 -0.0638132 -0.231827
3.2425e+06 -0.166518 0.0827335
669436 -0.0890441 0.239643
3.82925e+06 0.0685032 0.197669
1.21468e+07 0.0208596 -0.201643
5.07927e+06 0.118423 -0.2221
1.85054e+07 0.0236712 0.115137
1.90136e+06 0.119827 0.218524
5.11016e+07 0.107132 -0.0177369
4.45936e+07 0.0157998 0.0448715
2.1857e+06 0.136749 0.206805
8.62901e+06 0.149474 0.130816
2.56647e+07 -0.0441753 0.050529
602027 -0.165443 0.197205
2.04366e+07 0.126102 0.0886618
1.04259e+07 0.0988952 -0.193509
1.28058e+06 -0.281575 -0.0440727
3.27529e+07 -0.0124885 0.0569161
2.69774e+06 0.176375 0.176712
1.26052e+07 0.111469 -0.176368
4.44294e+06 -0.188853 -0.125125
1.28164e+07 0.0910742 -0.185157
1.06756e+07 0.185722 -0.117246
3.51321e+07 -0.0598133 -0.0421003
2.24998e+07 0.0868917 -0.151663
299629 0.0111906 0.315168
4.27899e+06 -0.0272098 -0.248571
450650 0.0662718 0.290711
1.06499e+06 -0.0533814 -0.302848
2.20214e+06 0.194859 -0.2147
8.0815e+06 0.17972 0.108757
2.60246e+06 -0.229039 0.011049
6.93251e+06 0.223237 0.0514642
716022 0.248616 0.191249
1.48023e+07 -0.0311475 -0.180613
556302 0.190801 0.244499
360182 -0.0217375 0.299507
6.92204e+07 0.0367567 -0.0365451
517947 -0.0701503 0.263535
4.11142e+06 0.00873207 0.189625
944939 0.142113 0.241216
6.76558e+07 0.025144 -0.0356821
3.13552e+06 0.0464208 -0.254116
2.36608e+06 -0.104214 0.225746
4.14829e+07 -0.100919 0.0502169
1.44911e+06 -0.132194 -0.266063
8.77046e+07 0.100815 -0.0593408
1.43217e+06 0.186543 0.239337
9.52407e+06 0.0667839 -0.20451
4.94459e+06 0.130973 -0.213582
5.43315e+07 -0.0645135 -0.0900545
6.27977e+06 0.122834 0.205985
5.20391e+07 0.135507 0.077276
8.45869e+07 0.110571 0.0524622
2.37442e+06 0.288016 0.0983353
4.84128e+07 0.0436246 0.120874
9.42535e+07 0.0664787 -0.0715741
1.00727e+08 0.056783 -0.0676022
2.13507e+07 -0.0770768 -0.152644
5.7303e+07 -0.0114256 -0.10876
9.09978e+07 -0.012549 -0.066632
1.04561e+08 -0.028562 -0.0276891
2.41257e+06 -0.258472 -0.127138
9.00559e+07 0.0230188 -0.0789176
8.9474e+07 -0.0495012 -0.032939
1.97564e+07 0.0719376 -0.169838
9.09091e+06 0.034259 -0.210574
3.87409e+06 0.210508 0.1771
1.2817e+06 0.0243388 0.285443
3.81397e+07 0.116173 -0.11736
4.48194e+07 0.10768 0.1103
2.33382e+06 -0.245038 -0.152069
4.37742e+06 -0.255159 -0.0536859
6.35506e+07 -0.0401531 -0.0895602
9.7755e+07 0.0157478 0.0634776
9.59301e+06 -0.185987 0.0763553
9.62301e+06 -0.202522 -0.0941101
4.13934e+06 0.248298 0.129238
5.0714e+07 -0.0504261 0.0828001
2.0923e+06 0.0132742 -0.27395
1.77442e+07 -0.155343 -0.107571
5.01215e+06 -0.213569 -0.138111
1.31581e+08 0.0628506 -0.0297307
5.17579e+07 -0.108136 -0.00434235
4.61723e+07 -0.00108251 0.116213
8.46357e+07 -0.0542808 -0.0390281
3.98006e+07 -0.12683 -0.047839
2.30315e+06 -0.0896348 0.234348
1.32628e+07 0.221115 -0.0754716
1.72334e+07 -0.0311613 -0.177479
3.46585e+06 -0.262771 0.0306736
3.99094e+06 0.236974 0.147594
5.45572e+06 -0.234979 -0.0895056
5.22615e+07 0.0568764 0.115582
5.45112e+07 0.12403 -0.0853495
4.15208e+06 -0.0530342 -0.2416
1.73807e+06 -0.242797 -0.175485
4.12477e+07 0.117938 -0.111053
1.5883e+06 -0.130486 0.230725
3.28376e+07 0.09629 0.134536
8.09517e+07 0.0678169 -0.0847254
1.5883e+06 0.173675 -0.240493
1.50265e+07 0.084022 -0.180183
1.95964e+07 0.214519 0.0390153
1.65743e+07 0.125792 -0.159989
3.13812e+06 -0.211293 -0.173655
2.55387e+06 -0.243262 0.105981
7.44212e+06 0.120763 -0.200051
1.24905e+06 -0.0551996 -0.293368
3.75566e+06 0.101044 0.233508
9.64289e+07 0.118505 -0.00614219
1.52168e+07 -0.0571999 0.156669
2.70882e+06 0.204857 0.199538
2.1285e+06 -0.237351 -0.168869
812070 0.131079 0.284732
3.44476e+07 0.0411041 -0.145171
8.44178e+06 0.179591 -0.159992
1.35563e+08 0.0734738 0.00388983
1.31662e+06 -0.296572 -0.104278
3.33474e+06 0.100541 0.238348
3.06059e+06 0.291932 -0.0446037
1.17552e+07 0.0302558 -0.199334
5.60019e+07 -0.0895568 -0.0623127
2.95137e+07 -0.0571131 0.117777
1.13128e+07 0.236847 0.0535462
3.60769e+07 -0.10703 0.0573927
1.04121e+07 0.134288 -0.178714
742844 -0.0895545 0.290799
1.93493e+06 0.0207836 0.268242
3.45228e+07 -0.128298 0.0290993
1.65204e+07 -0.0689678 -0.170492
5.35422e+06 0.272141 0.0377163
6.66188e+06 -0.147695 -0.182934
8.63574e+07 -0.0282569 -0.0635779
3.60576e+07 -0.0840482 0.0824335
2.3441e+06 0.305194 -0.0187445
1.56606e+07 0.173937 -0.129438
2.15651e+07 0.00638481 0.161056
3.40855e+06 -0.11971 -0.231925
6.39741e+06 0.104123 0.210961
1.62965e+06 -0.206605 -0.215498
2.29217e+06 -0.0708639 0.242583
4.43279e+07 -0.098485 0.0458041
2.18958e+06 -0.277622 0.0578606
1.26225e+06 0.0853602 -0.283982
3.03774e+06 0.0991372 0.242351
4.89002e+06 0.0493163 -0.235456
2.49921e+07 0.0490468 0.157449
2.36157e+07 0.00439053 -0.165293
2.49956e+06 0.151992 -0.232772
1.77763e+06 -0.28879 0.0564999
1.05675e+06 -0.0610883 0.282795
6.56703e+07 -0.0172845 -0.0963119
3.86661e+06 0.208502 0.178939
3.50099e+06 -0.264561 -0.0604103
1.21485e+06 0.0905492 0.279815
684212 -0.154402 0.260432
1.02832e+08 -0.0209809 -0.0428734
5.74618e+07 0.0298581 0.109078
1.86022e+07 -0.0776652 -0.160633
1.10534e+07 0.21884 -0.0972905
1.24934e+08 0.0342936 0.0396426
7.80247e+06 -0.216743 0.0412012
1.57966e+07 0.174635 0.128854
1.31889e+07 -0.198367 0.00321569
8.7273e+06 0.233925 0.0923824
2.40772e+06 0.0589694 0.257938
1.52384e+06 0.150958 0.253194
4.53968e+06 -0.212971 0.10161
4.78187e+07 0.148014 0.0702856
1.60738e+06 -0.30086 -0.0555557
7.14714e+07 -0.0192292 -0.088244
5.99366e+07 0.111428 -0.0874802
6.732e+06 -0.23634 -0.031961
4.3201e+06 -0.159375 0.157898
8.26625e+07 0.130805 -0.0165642
1.12195e+06 -0.255749 0.149123
8.31608e+06 0.194798 -0.147257
819136 0.0880888 -0.301641
2.46447e+06 -0.273414 -0.0892586
1.52402e+07 -0.0200954 -0.185357
1.49071e+06 0.167431 -0.246605
1.14326e+07 -0.186086 -0.105717
2.70163e+07 -0.128342 0.0590125
4.71453e+06 -0.225269 0.0806245
1.3214e+07 -0.160829 0.0823814
1.01489e+07 -0.189377 0.0657574
1.0596e+07 -0.162131 -0.142163
2.75822e+06 -0.171659 0.173082
8.57208e+06 0.103951 -0.199876
1.78484e+06 0.0208487 0.271594
5.7293e+07 -0.0939354 0.0139714
7.8755e+06 0.0621213 -0.213535
2.6526e+06 -0.279476 0.0123947
599959 -0.156344 0.266584
9.51637e+06 -0.214674 -0.0602087
3.77078e+07 0.0584812 0.134949
3.16173e+07 -0.0151777 -0.146833
1.29364e+08 0.0315364 0.0331849
4.98894e+07 -0.107905 0.00848588
6.45995e+06 0.0279381 -0.225818
6.78564e+06 0.172151 -0.176712
2.94308e+07 0.0544545 0.148772
3.17116e+06 -0.01392 0.243983
3.73718e+07 -0.135103 -0.0223696
1.06071e+08 -0.0243843 -0.031234
9.28502e+07 0.0805189 -0.0672661
2.60366e+07 0.0615946 0.154583
5.26367e+06 -0.101434 -0.218241
3.91038e+06 -0.0589553 0.222309
2.02254e+07 0.206425 0.0600585
957676 -0.0388628 0.293063
9.86421e+07 0.104804 -0.0386849
5.75714e+06 0.228651 -0.130783
3.60871e+06 0.0178973 0.242373
4.81111e+07 -0.115509 -0.0153207
1.84063e+07 -0.116037 -0.141393
1.33928e+06 0.20276 0.23296
2.98295e+06 0.219981 0.182398
4.54993e+07 0.0887955 0.117451
1.79585e+06 0.104598 0.261507
3.73725e+06 0.126517 0.226379
2.03611e+07 0.0981766 -0.16113
1.95589e+07 -0.0726601 0.133656
7.35604e+06 -0.0694438 0.187915
4.13256e+06 -0.194634 -0.173291
3.20047e+07 -0.0242076 0.130078
1.52934e+07 0.213778 -0.0760911
1.50657e+06 0.085093 0.272525
1.40767e+08 0.034032 -0.0167717
629310 -0.0650918 0.307784
4.44079e+07 -0.0585602 0.0873459
1.20938e+06 -0.224739 0.174647
1.893e+06 -0.272572 0.0858106
1.20522e+07 -0.141664 -0.151159
1.05646e+08 -0.0310011 -0.0121745
3.99111e+06 -0.149926 -0.2091
2.34293e+06 0.175756 -0.222678
690314 0.050675 0.309734
5.4312e+07 -0.104455 -0.00670896
2.369e+06 0.0906246 0.253881
1.00661e+07 0.146248 0.174201
2.03316e+07 -0.161296 0.0370648
1.44531e+06 -0.26808 0.116489
6.68743e+06 -0.184346 -0.152143
6.50453e+06 -0.236491 0.00264542
2.69827e+06 0.288569 0.0821506
9.11287e+06 0.110487 0.193844
2.1338e+07 0.0924463 0.158945
4.8674e+07 0.165873 0.0299478
1.10757e+07 -0.00306769 -0.202148
661079 0.0431627 0.312587
1.16915e+07 -0.184768 0.0589046
2.17433e+07 -0.0911158 -0.145058
3.43397e+06 0.0457267 -0.250483
7.88788e+07 -0.0609445 -0.0440699
7.20173e+06 -0.163626 0.123483
5.06573e+07 0.145893 0.0670449
1.72152e+07 -0.183933 -0.0457122
2.33055e+07 0.0711947 0.159014
2.31799e+07 -0.145403 0.0500493
2.47071e+07 -0.154005 0.0242209
1.11725e+06 -0.0964108 -0.289807
3.39491e+06 -0.0195298 0.239963
2.48309e+06 0.073269 0.255011
1.56409e+06 0.0576951 -0.280838
1.78237e+06 -0.29969 -0.00364689
3.86105e+07 -0.126871 0.0122732
1.33606e+07 0.222466 -0.0715343
1.05016e+08 0.0166815 0.0561419
707351 -0.188847 0.233662
4.10133e+06 -0.190888 0.13321
5.65633e+06 -0.0430023 -0.229221
4.74829e+07 -0.116733 -0.0194645
8.02909e+06 0.0274045 -0.216456
7.27671e+06 -0.0118472 -0.220865
1.20834e+07 -0.200631 -0.0638517
1.45533e+07 0.0223396 0.182465
4.28883e+07 -0.0390041 0.103555
2.98947e+06 0.290997 -0.0532526
6.88478e+06 0.236425 0.108922
6.09358e+06 -0.161873 0.135604
5.59888e+06 0.0247341 0.224508
5.25763e+07 -0.0930268 -0.0667942
8.53536e+06 -0.150884 -0.166089
1.58367e+06 0.22037 -0.208095
3.8212e+06 -0.263044 -0.0432053
1.92786e+07 0.212286 0.0502155
6.08945e+07 -0.0435595 -0.0917437
6.83131e+07 0.145949 -0.0155867
8.36816e+06 0.180406 0.161242
2.88504e+06 0.141494 0.231431
3.10829e+06 0.0376801 -0.255529
9.87668e+06 -0.0453455 0.183974
1.19494e+07 0.241714 -0.00644547
1.1882e+06 0.00701797 0.288518
6.91737e+06 0.258853 -0.0496846
1.28775e+06 -0.307554 0.0485345
1.74785e+06 -0.112963 -0.265074
4.15928e+06 0.239717 0.141312
3.53336e+07 -0.137502 -0.0407922
4.53709e+06 -0.228523 0.0788243
1.74938e+07 -0.184565 -0.0199461
1.3562e+06 0.226939 0.215896
569460 -0.166001 0.262926
2.74622e+06 -0.0246178 -0.262593
2.59574e+07 -0.0207475 -0.157182
4.36119e+06 0.0380963 0.235179
1.58425e+07 0.118102 -0.165896
8.69779e+06 0.184184 0.156046
1.80958e+06 0.297612 0.1019
5.98657e+07 0.110251 -0.0884227
3.64043e+06 -0.0557503 -0.247004
3.23311e+07 0.0958143 0.135593
6.86552e+06 -0.0185711 0.209298
1.13259e+08 0.0381019 0.0532173
3.22325e+07 0.181555 0.0574542
7.42744e+06 -0.0356221 -0.217782
1.31915e+06 -0.271284 -0.155267
1.05219e+06 -0.191062 0.210145
1.34047e+06 -0.236637 -0.198324
3.62196e+07 0.154631 -0.0888925
9.20296e+07 -0.0487577 -0.000125445
5.84434e+07 0.155469 0.0226784
3.91338e+07 0.0481233 0.133419
1.37183e+06 -0.095588 0.256896
9.2019e+07 0.01137 -0.0745726
1.27313e+07 0.225854 -0.0688959
8.77772e+06 0.144346 0.181801
8.28544e+06 -0.151207 -0.167667
4.14659e+07 -0.124522 -0.04443
1.2223e+06 0.00742879 0.287302
1.01717e+06 -0.0652752 0.283392
1.27347e+07 0.121177 0.174587
1.19859e+08 -0.00497368 -0.0266303
3.14221e+07 -0.0906246 0.0875547
2.27665e+06 -0.0808997 -0.262728
1.7437e+06 -0.260643 0.112021
3.52837e+06 0.290149 -0.0191263
1.71073e+06 0.185891 -0.230001
1.13709e+07 0.243369 -0.0153999
5.40828e+06 0.268472 0.0541691
1.30505e+06 -0.075807 -0.288008
3.85388e+06 -0.0507352 0.2259
9.55887e+07 -0.0446861 -0.00491287
1.26154e+08 -0.00206522 -0.00091846
3.17561e+06 0.155045 0.221757
4.36579e+07 -0.0268188 -0.123964
3.38295e+06 -0.264697 -0.0674481
1.41643e+07 -0.16272 0.0739049
3.08927e+06 0.168366 0.216404
2.27319e+07 0.192801 0.076038
1.53113e+07 0.192311 0.111587
978266 0.0917174 -0.293091
891306 -0.120671 0.266462
2.3328e+07 -0.121951 0.0803228
5.79447e+06 0.232347 0.128594
3.53392e+06 -0.141927 -0.219709
7.95796e+06 -0.0833796 -0.204097
1.02948e+07 0.233966 0.0748252
1.46653e+07 -0.0590483 -0.101419
1.99042e+06 0.145661 -0.21332
5.06175e+06 -0.121141 -0.156442
4.61003e+06 0.145554 0.0787547
2.28351e+06 -0.263104 -0.0426368
1.54901e+06 -0.282578 0.0590355
3.80102e+06 -0.220097 -0.0745402
2.71106e+06 -0.115055 0.233914
866346 -0.0393177 -0.310357
3.1955e+06 -0.178939 -0.142432
5.49425e+06 -0.163401 0.155441
9.62443e+06 0.110983 0.00654075
8.77003e+06 0.0760892 0.129178
1.58301e+06 -0.215381 -0.160891
3.19789e+06 -0.0457939 -0.23385
887102 -0.264909 0.17043
1.11993e+06 0.144014 0.230265
1.05709e+06 -0.145763 -0.246343
1.96713e+06 -0.136196 0.240775
3.64972e+06 -0.181626 -0.128944
3.58749e+06 -0.234787 -0.0498272
2.11909e+07 0.0196868 -0.0544318
1.74081e+06 0.211718 0.109215
3.6994e+06 -0.0235118 -0.231934
1.06222e+06 -0.147308 -0.244966
1.3327e+06 0.228505 -0.104907
8.61796e+06 -0.0607138 -0.155745
781826 0.264085 -0.0664487
4.31036e+06 -0.20268 -0.0885052
4.36413e+06 -0.225214 -0.0422718
3.01197e+06 -0.233093 -0.0787664
1.15282e+07 -0.141625 0.106966
3.41577e+06 -0.0435724 -0.230592
800213 0.257971 -0.0901025
3.34684e+06 -0.208071 0.141742
1.32157e+07 0.0154854 0.145994
1.62572e+06 -0.212264 0.193588
1.61607e+06 -0.0185252 0.275327
2.06688e+07 0.0377046 -0.00346066
2.66055e+06 -0.0523193 -0.242537
1.03303e+06 0.0723363 -0.299853
992166 -0.260466 -0.148933
1.79501e+06 0.128917 -0.236061
2.43467e+07 -0.0136508 -0.0225455
967727 0.0348534 0.290486
1.14159e+06 0.19473 0.192309
5.1295e+06 0.129221 -0.15144
5.61413e+06 -0.215232 0.0514238
6.67193e+06 -0.208077 0.013843
1.24813e+06 -0.018333 -0.295278
1.54299e+06 0.0839368 -0.273171
1.34549e+06 -0.249892 0.158735
1.97498e+07 0.0441383 0.0348761
1.25144e+06 -0.289841 0.071632
1.85979e+06 -0.271909 0.067142
3.63622e+06 0.153337 -0.151611
2.31631e+07 0.00332766 -0.0323292
3.12143e+06 0.185594 0.0137957
1.29986e+06 -0.126157 -0.246487
1.05478e+06 0.261719 0.0840014
618825 0.232383 -0.185826
1.47047e+06 0.144141 -0.235968
1.92029e+07 0.0405304 0.0692029
2.68343e+06 -0.259549 0.0315265
3.67054e+06 -0.243695 0.00563512
3.33202e+06 0.0157844 0.234067
501771 0.295491 -0.036316
1.50313e+06 0.230417 -0.0603678
1.24467e+06 0.227716 0.146283
1.13101e+06 -0.284514 0.105208
641049 -0.187896 -0.247641
1.06831e+06 0.236994 0.157327
775087 0.287476 0.069917
4.65443e+06 0.155204 -0.115321
1.17496e+06 -0.271491 -0.117081
1.01829e+06 0.151166 -0.253552
3.89574e+06 -0.00119314 0.229726
1.65982e+06 -0.228806 0.172188
631019 0.127142 0.279783
1.4738e+07 0.0247103 0.130155
1.33614e+06 0.171737 0.195824
1.31506e+07 -0.0348886 0.158924
2.02319e+07 -0.11135 0.026208
742105 0.228693 -0.176156
771407 0.27967 0.020743
561083 0.190396 -0.251654
3.33368e+06 0.0256545 0.231016
1.6753e+06 -0.0731595 -0.26093
2.11518e+07 -0.0451188 0.115456
9.74637e+06 0.115343 -0.0579298
3.82527e+06 0.15772 -0.137887
3.6209e+06 0.101183 -0.209131
1.14824e+07 -0.0160174 0.167262
5.41159e+06 0.157349 -0.0547109
7.85384e+06 0.0275785 -0.184931
1.20953e+07 -0.100371 -0.0914143
1.41579e+07 -0.032497 -0.122835
2.78917e+07 -0.0238039 0.0697218
2.39626e+06 -0.182208 0.19742
2.17219e+06 0.0461586 -0.26527
758513 -0.0120958 0.309483
3.76529e+06 -0.0962996 -0.196685
6.82633e+06 0.0773165 0.151951
3.38682e+06 0.0909608 -0.220585
1.82198e+06 -0.0839883 0.264136
702228 0.142873 0.265337
1.03542e+06 0.0843707 0.268865
2.61452e+06 -0.15326 -0.180299
8.88583e+06 0.116511 -0.0930987
1.34769e+06 0.193609 0.175896
2.82267e+06 -0.0936998 0.239769
1.30149e+07 -0.157449 0.00937735
1.36011e+06 0.0309708 -0.293278
3.63218e+06 -0.0435077 0.236119
2.7024e+06 -0.158732 -0.17335
1.07386e+07 0.0215089 0.159477
2.81392e+07 -0.0271597 0.0675421
2.53177e+07 -0.070618 0.0685261
3.79042e+06 0.123558 0.150326
838904 0.157105 0.244513
6.72664e+06 -0.188623 0.0965998
4.74859e+06 0.162266 -0.00847772
1.30674e+06 -0.230347 -0.160319
3.11859e+06 -0.00895501 0.242493
9.63298e+06 -0.0734923 -0.13706
998140 0.145477 0.237885
1.17688e+06 -0.271664 0.131583
1.98356e+06 0.215515 -0.0605564
1.54308e+06 -0.272718 -0.0814243
2.36302e+06 -0.114865 0.241188
4.82788e+06 -0.0448758 -0.207641
2.55806e+07 -0.0703319 0.0226174
1.24071e+06 0.242498 -0.0420159
2.56188e+06 0.0196901 0.246642
905307 -0.190986 0.248026
4.76516e+06 0.0256344 0.211067
2.68739e+06 -0.0659847 0.248858
4.79196e+06 -0.228524 0.0163972
2.2907e+07 0.0210105 -0.00236889
1.43186e+07 -0.14918 0.0156175
1.07207e+06 0.256887 0.02631
3.87662e+06 0.162678 0.0588779
3.19508e+06 -0.0774386 -0.219132
7.33039e+06 -0.199588 -0.00955682
892633 0.0712963 0.282526
781103 0.281187 0.0338422
384304 0.294376 -0.0990487
873403 -0.0350723 0.303768
2.2211e+06 0.0715862 -0.256764
1.4434e+06 0.233679 -0.0485756
2.453e+06 -0.250595 -0.0685214
1.58949e+07 -0.0482354 -0.09843
1.67128e+07 0.0634648 -0.0463148
2.98109e+06 -0.210941 0.148101
1.1601e+07 0.0729722 0.0982965
1.17768e+06 0.208662 -0.169364
1.09875e+07 -0.166286 0.0617723
8.52802e+06 0.0197723 -0.179445
4.49891e+06 -0.223182 0.0725356
1.32409e+06 -0.161957 0.247041
7.5655e+06 0.128948 0.00410397
1.84963e+06 -0.0150399 0.268714
2.29533e+06 0.159153 0.155792
3.53739e+06 0.153538 0.108015
1.21104e+06 0.116011 0.242577
2.07347e+06 0.210802 0.0267318
849585 0.20082 -0.209199
7.61182e+06 0.0988965 0.109436
7.30791e+06 -0.17636 0.109089
1.59247e+07 0.0684013 0.00245639
3.14085e+06 -0.0764196 -0.220797
1.6555e+06 -0.171952 -0.197039
4.52062e+06 -0.228301 -0.0227315
8.38944e+06 -0.187533 -0.0197833
5.87994e+06 0.144616 -0.101102
3.65933e+06 0.157418 0.0916608
2.6637e+06 -0.0311113 0.251925
8.38536e+06 -0.118196 -0.114734
3.28749e+06 0.187302 -0.0615596
1.07602e+06 -0.158577 0.259856
1.56391e+06 0.140939 0.207462
828724 0.223564 -0.175294
1.68004e+07 0.0621902 -0.0522351
1.12037e+06 -0.28347 -0.100541
9.2149e+06 -0.110957 0.15985
2.92902e+06 0.188918 -0.0955746
1.73323e+06 0.0608043 0.251824
6.60076e+06 -0.00645376 -0.19725
1.89905e+07 -0.0735002 -0.0504463
888735 0.2044 0.210241
1.72755e+07 0.0513901 -0.0777633
3.18593e+06 -0.108149 -0.200328
1.0386e+07 -0.0550566 -0.142276
2.57904e+07 -0.012069 0.0832172
6.42246e+06 -0.0753386 -0.170833
2.25279e+06 0.0544672 -0.261302
1.84587e+06 -0.272924 0.0643798
2.42446e+06 0.183992 -0.140446
3.26919e+06 -0.221955 0.120746
1.77548e+07 -0.0831307 -0.0536819
1.672e+06 0.225831 -0.0458033
2.30351e+07 -0.0372102 -0.0351963
2.55559e+06 0.0956277 -0.236541
5.14793e+06 0.0789503 -0.197803
2.42349e+06 0.140767 -0.203771
4.08247e+06 -0.23746 0.000897456
1.10366e+07 0.0181951 -0.158035
2.04125e+06 -0.110938 -0.227906
1.4242e+07 0.0796967 -0.0647172
2.23541e+06 0.198742 0.0758385
5.75226e+06 -0.132815 0.17918
2.48333e+06 0.170413 0.129725
1.11601e+07 -0.000499214 0.165698
1.81634e+06 0.161074 0.177143
1.55056e+07 -0.0775992 -0.0790912
979094 -0.00632183 -0.310037
1.32135e+06 -0.28103 -0.0833903
948545 -0.26014 -0.153265
9.80189e+06 -0.110793 0.15506
795217 -0.0608715 -0.308412
2.35384e+07 -0.0378353 -0.0293332
1.82782e+07 -0.0421411 -0.0811101
4.45164e+06 -0.0901512 0.216563
1.41334e+07 0.0339142 -0.1292
566898 0.310641 0.0551062
1.87667e+06 0.135667 -0.227194
649367 0.191696 -0.24029
978769 0.265064 0.115458
3.16065e+06 -0.24725 -0.0324694
4.97553e+06 -0.191881 -0.0885073
3.29313e+06 -0.171559 0.185829
7.19165e+06 -0.198713 0.0547374
662529 0.251933 -0.139239
955356 0.258991 -0.0250925
6.52084e+06 -0.0607793 -0.178396
2.15632e+07 -0.101655 0.0518412
8.31566e+06 -0.117177 -0.116417
6.83827e+06 0.00926596 -0.19618
7.66035e+06 0.125424 0.0189381
1.49755e+06 0.216149 0.132857
1.02629e+06 0.264109 0.0773165
1.05949e+06 0.0164174 -0.30715
2.12402e+07 -0.0645162 0.1081
2.40643e+06 0.0565865 0.235997
2.03111e+06 0.129461 -0.227265
8.11427e+06 -0.131146 -0.10643
8.52094e+06 -0.188683 -0.0102288
1.36113e+07 -0.0854478 -0.0898496
1.6898e+06 0.225854 -0.0272705
3.08907e+06 -0.0192169 0.244037
1.23231e+06 -0.29775 0.0303323
1.51161e+06 0.209162 0.142909
3.3506e+06 0.0924727 0.192753
7.54284e+06 -0.159468 -0.0851489
7.17655e+06 0.137039 -0.0729427
2.96618e+06 -0.19811 -0.128891
1.19308e+07 0.0796147 -0.113054
2.31798e+06 -0.235985 -0.102953
1.33882e+06 -0.132924 0.262004
1.94739e+06 0.115334 -0.241224
1.31775e+07 -0.154369 0.0491874
1.38416e+07 0.0475529 -0.124515
1.27773e+07 0.0796929 -0.100179
4.70298e+06 -0.190386 -0.096203
3.65897e+06 -0.172749 0.177276
6.31596e+06 -0.0993265 -0.155366
2.35272e+07 -0.0226902 -0.0340085
1.37321e+07 -0.0699632 0.149413
351432 0.308061 -0.0709602
1.29508e+06 0.230409 0.134271
2.45952e+06 -0.243874 0.108421
4.63986e+06 -0.0366187 -0.21346
8.35412e+06 0.126568 -0.0311207
2.38451e+06 0.191612 0.084987
1.46215e+07 -0.0717425 -0.0919115
4.58946e+06 0.122333 0.131684
696957 0.297807 0.0847113
6.40469e+06 -0.185356 -0.0694428
7.26778e+06 -0.106174 -0.137998
3.22712e+06 0.148542 -0.170693
4.46902e+06 0.00961976 -0.224891
1.02639e+07 0.109321 -0.01757
2.80001e+06 0.134972 -0.198734
2.66175e+07 -0.0128272 0.0765286
1.7942e+06 0.222413 -0.0235812
1.91837e+07 0.0308964 0.0899
1.3166e+06 -0.122611 0.26728
6.76472e+06 -0.0295883 -0.189738
7.55025e+06 -0.196004 0.0522773
2.10652e+07 0.0284632 -0.0380446
1.16849e+06 -0.270765 0.134226
2.79464e+07 -0.0164439 0.032861
3.11697e+06 -0.228079 -0.083856
2.12228e+06 0.194184 0.10832
7.1143e+06 0.109628 0.0965331
1.3797e+06 0.239187 0.0403693
1.8812e+06 0.209754 0.0912231
1.57113e+06 -0.274551 0.0875898
2.74878e+06 -0.157367 0.209005
2.08692e+06 -0.156843 -0.193311
2.35923e+06 0.116144 0.197559
1.87245e+06 0.0432498 -0.274228
4.38175e+06 -0.205908 0.117544
2.80993e+07 -0.014307 0.0436401
2.33226e+07 -0.053754 -0.0229307
1.62484e+06 0.2263 0.056485
3.07244e+06 -0.0153936 0.243979
974957 0.26864 0.0836577
1.5117e+07 -0.00091046 0.142026
2.75206e+07 -0.0137009 0.0266424
1.5517e+06 -0.261755 -0.103236
2.78167e+06 0.0553832 -0.24852
5.75206e+06 -0.211705 0.0603612
7.57243e+06 -0.195659 -0.0173999
735544 0.169943 -0.256233
1.67726e+06 -0.2565 -0.103776
3.18184e+06 -0.0477805 0.242589
3.40245e+06 0.0279745 -0.241344
5.74294e+07 -0.194508 -0.0354223
8.87784e+06 -0.106524 0.254431
3.96052e+08 -0.0588873 0.0461217
5.29535e+07 0.0346143 -0.154493
1.13227e+08 -0.0739505 -0.114268
4.01298e+08 -0.0381343 0.0557114
3.07671e+08 -0.0982098 0.028617
7.55674e+06 -0.0574045 -0.243783
2.22839e+06 -0.0253967 -0.292212
3.42276e+06 -0.307496 -0.033738
1.34905e+07 0.118614 -0.182409
1.02455e+08 -0.085444 0.149823
3.20152e+06 0.278919 -0.0402383
5.21057e+06 -0.107624 -0.246477
3.42804e+07 0.167549 0.0848804
1.53472e+07 0.219785 0.00384732
2.03386e+08 0.0763213 -0.0168023
9.88707e+06 -0.0667668 0.260174
3.98355e+07 -0.201808 -0.0627348
2.22442e+07 0.181665 -0.0838984
1.65729e+07 -0.254374 0.0381601
7.57953e+07 0.143136 -0.00381595
1.94129e+07 0.175579 0.123495
1.40502e+06 0.171451 -0.253786
2.20014e+08 -0.0754934 0.102599
3.72786e+06 -0.273906 -0.121056
7.21763e+07 -0.00455162 -0.146564
1.54009e+07 0.091358 -0.191404
4.11813e+06 -0.189574 -0.212808
9.51929e+06 0.204476 -0.116668
2.23497e+07 -0.030797 -0.202065
9.65529e+06 0.22584 -0.0714545
2.6106e+06 0.271199 0.105528
2.97055e+06 0.255793 0.130134
7.40061e+06 0.14286 0.216076
7.86376e+07 0.0399543 -0.1313
2.17514e+07 -0.0341127 0.23281
5.62952e+06 0.155765 0.219067
2.32646e+08 -0.121967 0.00934178
8.10482e+06 -0.0105597 -0.243375
6.11514e+07 0.141498 -0.0550008
8.84667e+07 -0.105168 -0.114595
8.07347e+06 -0.00967704 -0.24349
2.45899e+07 0.0131349 0.224187
4.09045e+07 0.120022 0.142028
8.22864e+07 -0.0534051 -0.137833
1.47114e+06 0.0179685 -0.305429
1.33029e+08 -0.150375 -0.0287655
1.87085e+08 -0.110099 0.0894474
1.01548e+08 0.0919475 -0.0794047
2.59529e+08 0.0516434 -0.0228194
2.29724e+07 -0.23825 -0.0255898
3.6064e+07 0.151044 0.111375
5.12472e+06 -0.0924057 0.279047
5.16945e+06 -0.289981 0.0831834
1.67951e+06 0.276544 -0.124972
4.1858e+07 0.00923458 -0.171812
1.87318e+06 0.302598 0.00325296
9.38791e+06 -0.117641 0.248242
1.40649e+08 0.0272889 -0.100243
1.76117e+07 0.189884 -0.0903531
5.54071e+07 -0.196246 0.0694598
1.86221e+08 0.0434929 -0.0702791
9.8003e+06 -0.00916199 0.263171
6.45302e+06 -0.124644 0.260038
3.97726e+08 0.00828015 0.035738
3.10665e+06 0.25614 0.125379
1.1783e+08 -0.093935 0.13725
2.03921e+08 -0.129426 -0.00444207
3.00966e+06 -0.0360038 -0.280726
8.82755e+06 0.225323 0.0955751
3.25219e+08 0.0279683 -0.0185369
1.59804e+08 0.0413574 -0.084207
2.42638e+06 0.0893187 0.291414
3.76383e+07 0.168223 0.0713539
1.08375e+07 -0.221835 0.164131
2.71465e+07 -0.17731 -0.127581
3.70087e+07 0.0783453 0.181059
1.67506e+08 0.0427342 0.110097
2.52452e+06 -0.124235 -0.268949
5.289e+07 0.151956 0.0681083
2.71788e+08 -0.0810914 0.0792484
1.25255e+08 -0.0326703 0.15026
1.99462e+08 -0.0504403 0.119028
2.31745e+06 0.247776 0.164652
3.16693e+07 -0.129652 0.18965
7.12172e+07 0.126691 -0.0659231
1.15037e+08 0.0799608 -0.0810437
1.59018e+07 0.194173 -0.0916669
2.57513e+06 -0.178584 -0.240751
6.52016e+06 -0.262263 0.134755
1.7207e+06 0.170452 0.262659
3.84256e+06 0.274159 0.0282377
4.50323e+08 -0.0420618 0.0224572
1.03791e+07 -0.0308398 0.261592
1.51497e+08 -0.112269 -0.0713378
2.31113e+08 -0.115185 -0.0189512
4.02585e+07 0.116584 0.146588
5.3421e+06 0.235141 -0.109257
1.00213e+08 -0.117226 0.132763
3.95814e+07 0.170662 0.0555699
1.96503e+07 0.034968 0.228476
5.98886e+07 -0.0865831 0.178415
6.45174e+07 -0.188822 0.0689914
4.65095e+06 0.219922 0.159529
4.39216e+06 -0.144704 -0.237924
5.13859e+06 0.0649036 -0.248331
2.69086e+07 -0.212656 -0.0788982
6.84028e+06 -0.266491 -0.0880946
1.45975e+06 0.289841 0.11717
2.30116e+08 0.0175525 -0.0669324
2.36461e+06 0.198672 0.224401
3.49241e+08 -0.0762293 -0.0132626
4.7257e+07 0.0180355 0.194152
3.19056e+06 -0.245735 -0.17156
1.33627e+07 -0.238588 -0.0894856
2.70094e+08 -0.0545284 -0.0586957
9.58074e+07 -0.177127 0.0208543
6.8233e+06 -0.0718036 0.27304
7.31179e+06 -0.169047 -0.201797
4.04863e+07 -0.152134 -0.127526
1.49628e+08 -0.00108475 -0.104194
1.91803e+07 0.205937 0.0484663
1.00961e+07 0.0350356 -0.228937
5.74181e+07 -0.20071 -0.0088481
9.58933e+07 0.0821835 0.119982
2.92335e+08 -0.0853448 -0.0303377
3.1258e+07 0.161857 -0.0875332
7.4291e+06 0.14876 0.21126
6.66263e+07 -0.195245 0.027029
1.13379e+08 0.10986 0.0630646
1.76753e+06 0.105246 0.297009
2.31651e+07 -0.233329 -0.044048
4.28731e+06 -0.0676324 -0.264018
4.58716e+07 -0.195021 -0.062309
3.79093e+07 0.166966 0.0738158
2.94936e+08 0.0346981 -0.0265765
3.88171e+07 -0.0863937 -0.16721
9.05478e+06 0.0791711 0.244549
1.70615e+08 0.0901217 -0.0160632
1.57193e+06 -0.0394274 -0.304633
7.15369e+06 -0.284732 0.0476174
6.75368e+06 0.21062 0.147636
8.27988e+06 -0.258053 -0.0901264
1.76725e+08 -0.0104747 0.128045
1.45458e+07 -0.224986 -0.107072
4.92897e+06 -0.10998 0.27543
2.3744e+08 -0.0238844 -0.0739016
2.61221e+07 0.150283 -0.117712
1.00685e+07 -0.042261 0.262265
1.53394e+06 0.084199 -0.290096
3.00664e+07 -0.157169 0.17321
2.83437e+06 -0.000744534 -0.282692
7.17973e+07 -0.188269 0.0511227
2.27451e+06 0.0783895 -0.276356
3.4769e+06 -0.233372 -0.181152
4.09648e+08 -0.00490825 -0.00868605
1.83773e+08 0.0606677 0.0855096
4.58277e+06 0.146945 0.235309
2.35394e+06 -0.239983 -0.193586
4.26704e+07 0.17238 0.0266448
3.26961e+07 0.125262 0.151173
8.92094e+07 -0.128842 0.131196
2.81154e+06 0.266868 0.109272
6.53447e+07 -0.127258 0.152286
3.74774e+08 -0.0683413 0.0465077
1.91471e+08 -0.0820658 -0.0747566
4.49613e+08 -0.0158952 0.0241678
3.37643e+06 0.221455 0.178418
2.25272e+06 -0.276347 -0.149943
2.06371e+08 0.0393499 0.0949466
4.08359e+07 0.0915021 0.167094
2.02171e+06 -0.0484184 -0.294622
2.04388e+08 0.0223566 0.106945
2.81635e+07 -0.0580779 0.219978
1.25938e+07 -0.191983 0.188682
5.80323e+07 -0.1329 0.15515
2.01746e+06 0.293733 -0.056371
3.22106e+07 -0.166706 0.16091
9.2355e+07 0.132523 0.0162834
2.11882e+06 0.0883236 -0.275975
3.70474e+07 -0.0705963 0.205734
1.87518e+07 0.14685 -0.142707
9.68396e+07 -0.0764853 0.156469
1.91415e+06 0.0796306 -0.282752
3.91463e+08 -0.0688695 0.0337795
2.93612e+07 0.0107966 0.217083
3.68729e+07 0.0290079 -0.173859
2.97232e+07 -0.045121 -0.188529
6.39225e+06 0.166089 0.203891
9.15719e+06 -0.142633 0.237955
2.34435e+06 -0.0415208 -0.28967
7.06879e+07 -0.186741 -0.0264045
6.69258e+06 0.209949 0.149329
4.34898e+06 -0.103655 -0.254862
3.61486e+06 -0.308474 -0.0134012
1.36616e+07 0.222254 0.0386798
7.44406e+07 -0.183759 -0.0275157
3.05281e+08 -0.0985684 0.0308229
3.52189e+07 0.143139 -0.10464
1.89802e+06 -0.224244 -0.219106
1.04922e+08 -0.113225 0.13266
4.54448e+07 0.0247808 0.194216
1.31356e+07 0.196388 -0.104359
9.56223e+07 0.00239206 0.162188
2.65352e+06 -0.184684 -0.235448
2.45068e+07 -0.191259 0.15134
8.29143e+06 -0.186472 -0.182813
3.08847e+06 -0.240279 -0.179593
4.14136e+08 -0.0120741 -0.0109972
1.91861e+08 -0.0635656 0.118153
1.46997e+07 -0.223532 -0.108614
1.2255e+08 -0.145098 0.0852095
5.37854e+07 -0.103657 -0.143747
3.16287e+08 -0.0107069 0.0822196
1.68475e+08 -0.0468268 0.131012
2.99615e+08 -0.0167362 0.0886789
9.91915e+06 0.0740729 0.242985
2.68777e+07 0.16008 -0.102988
5.51058e+06 0.0114279 -0.256583
1.7088e+06 -0.146379 -0.275031
1.40573e+07 -0.255473 -0.0372356
2.94625e+06 0.111287 0.274649
5.03395e+07 0.0176335 0.191258
3.33664e+06 0.145995 0.250036
1.79643e+06 0.212029 0.225701
5.47199e+07 -0.0830414 0.184113
3.24198e+08 -0.0926242 0.00522778
4.70764e+06 -0.251587 -0.141782
2.51297e+07 0.162977 -0.104178
3.49614e+06 0.272339 -0.0558015
1.50498e+08 -0.0187081 0.139152
4.08305e+07 -0.0584308 0.203746
8.77341e+06 -0.112141 -0.22381
1.15865e+07 -0.136244 -0.201066
1.34151e+07 0.12061 0.203925
6.40073e+06 -0.290437 0.0171683
3.17657e+07 0.172154 -0.0659648
9.05672e+06 0.109369 -0.206466
1.10913e+07 -0.161065 0.219041
4.45678e+08 -0.0463792 0.0187128
2.77475e+08 -0.107057 0.0316517
4.38367e+06 0.105902 -0.239604
2.43749e+07 0.00431896 0.226016
4.59158e+06 -0.296857 0.0710342
3.23916e+06 0.224352 -0.16177
5.91603e+07 -0.199288 -0.00881078
1.25751e+07 -0.0492933 -0.224559
4.938e+07 -0.0525077 -0.163983
1.217e+07 -0.0502955 0.254487
1.10098e+07 -0.13817 0.232606
6.76192e+07 0.132121 -0.0619564
2.34592e+07 0.131412 -0.143527
1.03425e+08 0.123926 0.0343257
2.89163e+06 -0.311184 -0.0443763
1.15303e+08 0.0432457 0.136308
2.96354e+06 -0.134157 -0.258655
5.4085e+07 0.123669 0.117408
1.03507e+07 -0.213224 0.177289
2.06725e+08 0.0101496 -0.0786616
1.7895e+08 0.0896991 -0.0010902
2.86765e+07 0.143822 -0.11866
4.13762e+06 0.0755111 -0.253646
1.2449e+06 0.259317 -0.175149
2.25856e+08 -0.1121 0.0644321
9.71166e+06 -0.215805 0.177931
6.05601e+06 -0.292377 0.0181187
3.74382e+06 0.268497 0.0678646
3.66538e+07 -0.154953 0.164038
2.12405e+06 0.29753 -0.0135174
1.48399e+06 -0.12095 -0.290754
4.89457e+06 -0.291077 0.0866725
1.70443e+08 -0.0618826 0.126823
2.83825e+08 -0.071011 -0.0460399
2.5848e+06 -0.108473 -0.273481
2.50045e+06 -0.0945404 -0.278731
2.5958e+06 0.100236 0.284509
7.65647e+06 -0.253229 -0.106174
1.00069e+08 0.0552259 0.138298
1.1218e+08 0.120345 -0.00433148
3.3532e+06 0.216938 0.184782
1.37757e+08 -0.118088 0.108625
2.08828e+07 -0.215338 0.128683
1.51893e+07 -0.233019 0.122796
2.32699e+07 -0.164444 -0.148474
4.81198e+06 -0.300052 0.0302488
8.04166e+07 0.140409 0.00528207
6.82865e+07 0.0961152 0.131203
2.19184e+07 0.0953206 -0.172392
6.15635e+06 0.230524 0.11903
1.97293e+07 -0.00612789 -0.207073
2.12495e+06 -0.023677 -0.293991
1.33923e+06 -0.0209549 -0.311129
1.4454e+07 0.194153 0.115872
6.41078e+07 0.0400351 0.171855
1.47204e+08 0.046288 -0.087546
1.65186e+07 -0.0575628 0.24182
2.64871e+08 -0.0863259 0.0774519
1.29829e+07 0.0976472 -0.19615
1.83659e+08 0.0135284 -0.0864913
2.73589e+08 -0.104019 -0.0108394
9.5695e+07 -0.0170712 0.164774
9.32729e+06 -0.208616 -0.155922
1.2563e+07 -0.221711 0.154981
1.28794e+07 0.156536 -0.155446
7.05235e+06 0.249656 -0.0272439
3.57237e+06 -0.211223 0.232014
1.59005e+08 -0.130132 0.0801607
1.84286e+06 0.281818 0.114
4.05364e+08 0.00644905 0.0325784
1.39906e+08 0.0850929 0.082541
3.72113e+07 0.127273 0.140568
1.29606e+06 0.305844 -0.076771
3.82008e+08 -0.0463737 -0.0235831
1.15635e+08 0.0707955 0.116336
