31338622 0.11466382 0.17069103
3163219.2 0.27717796 0.051851165
1692141 0.28482072 0.11180046
3331076.9 -0.21683617 -0.084241187
797766.39 -0.014056478 -0.29113007
4498099.7 0.02987625 -0.22923576
469699.61 -0.18523003 -0.23230827
3660331.6 0.27381881 0.010055948
752137.53 0.14876947 -0.27234294
8144711.4 0.24541841 -0.0023527385
48570100 0.086171405 -0.11600074
397481.39 -0.3123005 0.0032173495
4090051.2 0.035528487 -0.23261369
1429950.2 -0.22816189 -0.12323042
2266792.7 -0.21628418 -0.1129694
1.0725705e+08 -0.086891776 -0.0068388765
42012092 0.094808908 -0.11957704
30348412 -0.01918795 0.19644211
1123333.4 -0.27714287 0.036140022
12736052 0.22686031 0.060587667
4898710.8 -0.16389466 0.18641819
34154681 0.14406157 0.14081908
1.1228188e+08 0.10072652 -0.049430491
15885644 0.22177264 0.019514187
1100121.7 0.032070936 -0.28214293
1.2221241e+08 0.0089953544 0.12845648
58318110 -0.064639666 0.14297556
1.8720013e+08 -0.051424801 0.012130759
2.418299e+08 -0.026939364 0.033997332
5851483.5 0.22049276 0.15314607
3497423.2 0.22990098 -0.12964255
13545783 0.096793063 -0.17276187
827543.78 -0.27851656 0.086654658
90036131 -0.10085595 0.0095534774
774620.07 0.025350753 -0.2957699
736480.32 -0.14335594 -0.24474827
1.4433937e+08 0.074587556 0.099793895
28318736 -0.091273963 0.16442078
2563978.1 0.027309432 -0.25032131
76521748 -0.056995603 0.13117025
2176909.2 0.25149138 -0.12603877
2212094.9 0.12921296 -0.23462714
1.2086422e+08 -0.060022165 0.092042616
1.0785685e+08 0.1104717 -0.0413926
1832268.2 -0.25543375 -0.037000666
1656683 -0.046393574 0.29856305
30172120 0.16157357 -0.081843297
326316.7 -0.27015432 -0.14764112
1157976 0.11773175 -0.26577852
13165513 0.22372052 0.069798718
63781536 -0.11950368 0.04106343
1.9422276e+08 0.038680561 -0.04233081
21221446 0.0850646 -0.15716625
13762107 -0.011462634 -0.18292143
58747937 -0.12167118 -0.0041886636
1.7104472e+08 -0.03684916 0.081541464
4753483.5 0.18319937 -0.16672936
58725399 -0.12193531 -0.00298624
2935278.5 0.11129567 0.2723048
1.3791507e+08 0.04453292 -0.067995291
53070729 -0.052365721 -0.10616821
5448699.7 0.024688517 0.26731625
667065 0.093554211 -0.29619191
5788404.9 0.12249711 0.24153464
1.6040533e+08 -0.028432307 0.095035689
1734400.1 -0.1763598 -0.1788278
549554.96 -0.300938 -0.0072218145
2.4451835e+08 0.062909573 0.006577315
1571753.2 -0.2598037 -0.041260067
693283.84 0.032789296 -0.30033446
1863364.5 0.26945849 0.14283773
3039850.7 -0.083846167 -0.22024061
3172972.8 -0.13120815 -0.19041667
1.0710168e+08 0.093774466 0.10898815
9561570.5 -0.00070626265 -0.19905586
14513861 0.21949154 0.071578917
50689479 -0.12577221 -0.01783863
33391375 0.068471393 -0.14142182
4238828.1 0.11172592 0.2584116
7751647.4 0.24804 0.0082511355
14478044 -0.18365053 0.05685514
16508729 -0.16054369 0.11178857
17027770 0.084803283 0.2136841
58000020 -0.028473622 0.16242133
2245883.2 -0.2521261 -0.016735776
248320.64 -0.25832418 -0.1814662
4003264.1 -0.21603693 -0.070376507
1367054.7 -0.049115925 0.30418525
5819754.1 -0.17809228 -0.11137053
1596163.7 0.29600673 0.073839943
9733554.9 -0.014354595 0.24359804
3251451.1 0.10845074 0.26960848
2629062.4 -0.2282403 -0.079152898
22523804 0.13665477 -0.12592673
12637344 -0.13399738 -0.11997741
5186384.4 0.1212565 -0.20315783
1617455.6 0.16668777 0.26682109
877961.67 -0.20215321 -0.18484362
1319313.1 0.29659293 -0.057016017
53579087 -0.085490944 0.13055002
2.8663854e+08 0.013680254 0.0048826856
3063897.1 0.052488852 0.28543996
99181739 -0.021630156 -0.083758818
11789991 -0.17907016 0.10199048
13162187 -0.18966657 0.0056003665
6909203.9 0.13966342 0.22484249
81584541 0.047387582 0.14983064
84067893 -0.064729407 0.11817284
5522154.3 -0.21097995 0.094783819
13246307 0.20221026 0.12584021
815924.09 -0.26910475 -0.083948146
18205615 0.089737519 0.20899638
5407974.5 -0.14117299 0.20471166
18310099 -0.17711551 0.026021584
1.4343636e+08 -0.028714284 -0.053980836
4320657.4 0.19602554 -0.15930222
1193056.1 0.1053679 -0.26840819
4962470.9 -0.17731651 -0.1221914
1352433.8 -0.011766188 -0.27157076
3304639.3 -0.2326263 -0.043651062
3406851.7 -0.18831708 0.17531711
39625574 0.1528533 -0.072834921
15733272 0.15610651 0.17406592
54277338 -0.10549493 -0.054259979
71470628 0.0068173956 0.15944376
88717164 -0.031192724 -0.086659721
38119240 0.11168745 -0.11500975
7103999.7 0.012925788 0.25776895
1.5054268e+08 0.10673074 0.04739215
1800338.3 -0.26154873 -5.0433679e-05
27157155 -0.0012506859 0.20443872
1.6672208e+08 -0.060196067 0.0088060277
28125184 0.065382877 -0.15025439
1.4547983e+08 0.10976737 0.0035610285
1.2883256e+08 0.0047968372 0.12445709
10999671 -0.13334121 -0.12841513
1592770.1 0.22133047 -0.18495589
1981100.2 -0.16162914 0.23106099
13232344 0.099472217 0.21855952
3773100.5 0.18033038 -0.18042982
2427490.6 -0.24838815 0.06007547
630430.36 -0.1110795 -0.26980534
2.9267285e+08 0.016400282 0.010214115
1259563.8 -0.2587249 -0.070511823
3685082.2 -0.21428771 -0.081380219
6683562.4 0.045624899 -0.21319269
14478797 0.19951342 0.1236858
61060521 -0.11533485 0.069908704
1191679.5 -0.27592923 0.021844449
73807136 -0.084720244 -0.056447067
61476638 -0.11918426 -0.0048093039
412191.89 -0.29669208 -0.07531442
11341544 -0.099724319 -0.15511363
34165462 -0.13452589 -0.046550337
1840735.5 0.15307758 -0.23072681
49287146 0.17154205 -4.2076455e-05
6048047.1 -0.21766948 0.051162612
6936162 -0.21114084 -0.018099821
28009698 -0.15043778 0.078849014
1.1113856e+08 0.098155333 0.10170963
1.8494263e+08 0.039153781 0.096506225
23708512 -0.033061508 0.20360573
9916043.2 -0.13885394 -0.12841332
22703734 -0.048124296 -0.15107214
6695876.2 -0.2053102 0.090080568
7746157.2 0.15532788 -0.16574437
3163519.1 0.27368019 0.074647569
4549463.7 0.12721845 0.2486617
3290872 0.050099625 -0.23970883
1390536 0.29976073 -0.034436351
94224477 0.10072601 0.11283746
968499.53 -0.21480246 -0.16467695
352378.18 -0.19402993 -0.23813572
3.0014203e+08 0.022155447 0.024617526
11266673 -0.17836666 0.10816312
60233145 0.1524523 -0.032067312
2656708 -0.009080407 -0.24682169
2607282.2 -0.2493233 0.027451192
1.0327107e+08 0.12946011 -0.0085858407
1623533.7 -0.036938038 0.30154349
1510170.8 -0.2191073 0.17665703
3881205.1 0.2640249 0.086862767
1.2797152e+08 -0.057067538 -0.039323238
91684659 0.13121693 0.072130443
52066347 0.17044188 0.01514914
1.1327825e+08 0.039532386 -0.082251079
1.2538335e+08 0.11478612 0.062443914
2891608.1 -0.21626391 0.13951595
1.8179557e+08 -0.016646247 0.090941309
61731348 -0.040160303 0.15419026
8890912.8 0.048030494 0.24794837
1.5287844e+08 -0.063143872 -0.0044763426
58393557 0.14472897 -0.050998498
7880098.2 0.228851 0.11486071
21733497 -0.1187087 -0.10437485
27631509 -0.031123926 -0.14813866
630033.68 0.055874781 -0.30368274
1.7182846e+08 0.096997179 0.0033679444
28055910 -0.026861977 -0.14871046
2.6230316e+08 0.055068587 0.011905709
2985094.6 0.14617036 0.25500175
46684159 -0.13013754 0.066398799
2492777.9 -0.12277332 0.25115376
1.3159065e+08 -0.010183051 -0.069099978
18049933 0.049059674 0.22031514
1.3248416e+08 -0.041858038 0.10170673
1.2285653e+08 0.067445631 0.11689559
8208035.8 0.088637343 0.2417598
1.7741524e+08 -0.0070864379 0.097572759
39109094 0.17500418 0.077481916
1048371.6 0.26542715 -0.1514409
7011265.5 -0.055850252 0.24521294
1.6333089e+08 0.057806891 -0.050088242
21390436 0.075024486 0.20722689
2.3668212e+08 0.034481052 -0.023297272
97752619 -0.096794769 0.033674883
6812343.2 0.23764895 -0.063343805
708977.32 0.10963218 -0.28956369
25233942 -0.0014705996 -0.15872045
7001295.9 -0.051067884 -0.20012452
84386407 0.13708595 -0.02230268
1.1171506e+08 -0.0020635019 0.1324398
1638262.8 0.29955824 0.030835999
1135834 0.29001181 -0.094251511
5693347.7 0.25823327 0.043942876
27181150 0.098094692 0.18724994
1487712.1 -0.26549139 -0.022538398
2589358.3 -0.20223565 -0.12635563
3198940.4 0.035082864 0.28544373
1398891.2 -0.27019835 0.0012231593
814250.34 -0.046914753 -0.28362953
9648092.3 -0.17081426 -0.088377563
910574.23 -0.093499928 -0.26330385
23979906 -0.16524888 0.0084025839
2.4397782e+08 0.060040606 0.00043643522
45730100 -0.11439641 -0.055636009
658096.9 -0.27599845 -0.085983076
1.5837497e+08 -0.027165629 -0.046542121
10390819 -0.11046295 -0.15150251
4772269 -0.031741755 0.26609439
1.9856864e+08 0.077472805 0.060856004
3652185.2 0.039044957 -0.23668391
44230988 0.044451709 -0.13306189
875581.39 -0.21333562 0.21373448
49193463 0.12052932 0.14045691
9990866.8 0.024582831 0.24536213
12789284 0.11581703 0.21225836
81115680 0.013815388 -0.10322794
20274865 -0.0077847189 -0.16728936
1924715.5 -0.06835296 -0.24438588
54174173 0.16848823 0.014791637
4390107.4 -0.20033724 0.13996229
36844512 -0.034390327 -0.13340531
7191197.2 0.19930533 -0.12732129
39842477 -0.055916016 -0.11985955
12629255 0.21165625 -0.066515195
21537765 -0.1220863 0.15063523
3672273.3 -0.22934116 -0.041573829
24801351 -0.1501435 0.094588784
1.6770326e+08 -0.058350824 0.0031096481
2421800.9 0.28715697 0.0089184938
2.9572766e+08 0.011239296 0.032501428
3038879.4 0.072786879 -0.23941178
1351192.5 0.066076081 -0.27169063
1890317.6 -0.20378036 -0.14247052
9579164.8 0.081981537 0.23786882
725853.26 -0.25321269 -0.12493221
1.8538867e+08 -0.050349174 0.0041877858
2668521.8 -0.16875363 -0.16549477
74796636 -0.024324917 0.14996755
68049123 -0.10071936 -0.039741548
2451916.8 0.1033046 -0.24008023
1461517.6 -0.17171459 -0.19153382
1007363.6 0.15687698 -0.2550077
286644.86 -0.20303091 -0.23981842
17637112 0.21701862 0.0059398122
7399116.5 0.14583944 0.21794817
1218950.5 0.20357518 -0.21504457
9034952.3 -0.093329169 -0.16969161
10786856 0.21883896 -0.065052098
1349568.2 -0.2711176 -0.0030831674
5146434.8 0.10328012 0.25440784
2548587.6 -0.23918677 0.092671487
1.8932651e+08 -0.023430983 -0.031935827
907128.43 -0.27752798 0.078448578
2010424.9 0.093453034 -0.25072335
13808707 -0.11481129 0.18259592
63866560 -0.094045115 -0.056604219
5801886.8 -0.2100577 0.091955541
1.2980664e+08 -0.076217742 0.050755525
951875.27 0.03040771 -0.28775358
20502423 -0.092743535 0.1802789
2.8015899e+08 0.043371269 0.037247968
48339558 -0.0080438901 0.17713072
1.5162616e+08 0.087497068 -0.033966288
44316371 -0.13629447 0.049963796
1.1819604e+08 0.021964913 0.13112703
3607425.3 0.13810376 0.25206696
8465438.6 0.1248272 0.22492962
3387380.5 -0.15584321 -0.16660004
949418.49 0.0054628046 -0.28679243
3873219.4 -0.23463732 -0.0027771534
1.1435257e+08 0.10269486 -0.045448838
943987.4 0.12357887 -0.27247795
2625271.9 -0.24039428 0.084689297
1.3721011e+08 0.03326908 -0.070505955
54591936 -0.12781284 0.012691856
926761.48 -0.17204408 -0.21236204
94423713 0.088249108 0.12280226
9774331.5 -0.083938008 0.21963524
30759963 0.15954758 -0.083144989
30158856 -0.15391078 -0.0024385469
6382681.7 0.12527292 -0.19256172
75585677 -0.10887584 0.051159191
3996570.6 0.059376905 0.27520651
11588262 0.086286275 0.22898244
470366.99 -0.27874362 -0.10724703
1194883.7 -0.023686881 -0.27429699
3119731.8 0.05839732 0.28402623
2553368.4 0.0057734882 -0.24980115
34157260 0.14295182 -0.095458912
865545.16 -0.12479382 0.28854048
1.2038722e+08 0.11615702 0.065929149
6723047.7 -0.17037625 -0.11316755
233892.83 -0.096838435 -0.19767554
417050.29 0.017896617 0.2627168
431406.98 0.19654887 0.19130673
510340.14 -0.16509877 -0.091848602
274831 -0.25573858 0.0011782313
225269.21 -0.24709403 0.057340138
251531.15 -0.098150046 0.054472842
392589.79 -0.22102104 -0.049457557
329603.11 0.24912639 0.0030032902
267533.88 0.23454365 -0.16924388
408839.52 -0.080917207 -0.068907481
366268.39 -0.18194678 -0.14303592
237076.5 -0.16310455 0.062314641
386005.96 -0.21222823 -0.11244991
426060.13 -0.20436389 -0.048183949
149200.74 -0.22364011 -0.21925721
836427.44 0.089279071 -0.12169474
396560.84 0.23526934 -0.031531635
461468.32 -0.030353065 0.09341165
464624.76 0.20445993 0.17063737
310709.13 0.24363431 -0.13001895
728374.22 0.0078666995 0.12625995
145451.57 0.31329303 0.015226149
213038.48 0.090188952 -0.26306407
643961.27 0.040712428 -0.12606497
153041.44 -0.22473991 0.20833682
731736.75 0.10394108 -0.032312018
187272.31 -0.23290357 -0.19159899
628975.18 0.17838206 0.14619205
456778.59 -0.058169476 0.15080075
208469.38 -0.14565982 0.18069678
183412.38 -0.30407707 0.050435862
271612.95 -0.095430865 0.23663536
643866.79 0.13359019 0.0011347902
324186.03 -0.18496503 0.010103857
290006.35 0.26100948 0.063073325
288445.2 -0.20230596 0.023501434
440733.71 -0.11919133 -0.039177461
387636.69 -0.036406218 -0.094250897
277864.11 -0.082245051 0.077102969
348659.76 -0.0067952203 0.0085855632
573463.09 0.063051896 -0.17369273
206688.02 0.2871298 0.031314842
152970.44 -0.18379253 0.22340086
249550.25 -0.070822964 0.27988316
219774.5 -0.16688156 0.090031645
287233.52 0.24674406 0.1827281
236002.65 -0.055992928 -0.20501096
230142.31 -0.26415535 0.037965101
223777.76 -0.2772231 -0.13565539
828282.25 0.079773821 0.15692017
593685.41 0.11571038 -0.17348212
517530.11 -0.16035173 -0.08937322
428237.76 0.021750646 0.26024247
458336.53 -0.17583064 -0.11243735
617739.21 0.18255169 -0.047951396
464189.29 0.005024059 -0.068730559
753528.7 0.058276951 -0.098893984
612740.29 0.16739834 0.16661482
821654.7 0.10115867 -0.12993477
305166.11 -0.077918868 -0.16364916
254353.91 -0.16860557 -0.18720273
272437.27 0.26484587 0.027260885
688227.89 0.17097595 0.12592867
742899.17 0.08649608 0.083432135
463368.74 0.09552784 0.24116718
330642.26 -0.013091409 -0.19220319
123861.6 -0.19321871 -0.24824554
295908.98 0.021624389 0.29358802
483234.86 0.0031470156 -0.12120454
699967.18 0.14184253 -0.14215482
326532.36 0.15068036 0.25402419
417533.67 0.014783647 0.027403042
640393.76 0.060373672 0.21332975
296137.55 -0.058008806 -0.0029448222
494086.45 0.15726155 -0.17541379
384320.93 0.0040218791 0.023711706
266051.38 -0.0088483517 -0.22326465
291233.44 0.22503965 -0.17157594
303984.71 -0.26267486 -0.084131199
763584.49 0.076075172 0.093595929
381046.04 -0.15488491 -0.14572125
524483.33 -0.14091364 -0.073806074
172297.78 -0.070711186 -0.23391473
456128.14 -0.11307259 -0.10858508
249326.17 -0.10150594 -0.19074134
848520.69 0.058121546 0.1358192
335417.12 -0.0044833559 -0.19879737
573109.11 0.02645895 -0.080422424
566049.1 0.034539351 -0.055358914
780609.33 0.011481616 0.16334491
456791.85 0.024863339 -0.021648243
308836.02 -0.091162185 0.00059220358
640645.14 0.051119169 0.072345754
169092.84 -0.24503449 0.17169012
514594.57 0.11010837 0.22524198
270626.55 0.1350054 0.27695335
481968.73 0.20987752 0.060323278
476979.24 -0.003139518 0.24498325
618301.33 0.1486039 0.010064252
537338.25 0.18613578 -0.13747988
386436.96 -0.0057232741 -0.17389787
634462.07 0.11020101 0.029428565
520222.52 0.19184515 -0.13451602
537621.54 0.060256204 0.016943706
363279.37 -0.037540713 -0.14075408
224856.82 -0.19541462 0.080519628
191806.64 -0.099866976 -0.21850629
406162.29 -0.026582662 0.25393312
333605.83 -0.22912317 -0.12090485
123058.19 -0.17763436 -0.25287551
325659.33 -0.09441931 -0.15685459
543230.49 0.1062553 0.22039108
399828.33 0.095231829 0.25548691
423013.36 0.22397185 0.1538652
216103.97 -0.15823471 0.10465797
386697.06 -0.18104777 -0.13639091
264436.17 -0.08596368 0.066367381
390640.16 -0.070526345 0.13786128
416075.8 -0.18628664 -0.12272296
229732.33 -0.06940054 0.29013784
793602.28 0.01940716 0.16923977
294361.67 0.090203895 -0.23970671
333472.31 -0.11805209 -0.15931968
223818.74 0.28539056 -0.056433534
615607.94 0.17857626 0.072387507
410326.77 0.0098456235 0.031431734
329142.95 -0.039771711 -0.1637041
268806.37 0.07678249 -0.24728576
456324.01 -0.18498513 -0.044869639
206547.19 -0.1167068 0.25030682
266717.63 -0.23865243 -0.14640535
584824.33 0.18866394 0.07595121
809844.95 0.058214736 0.11542367
291012.4 0.25924335 0.043381896
826712.5 0.08128073 0.15688485
332024.23 0.25364714 -0.063883362
529422.16 0.014299596 -0.095365032
406655.02 0.0072195053 -0.026999115
106792.58 0.014128438 -0.30411655
800484.11 0.11572507 -0.13354249
725434.12 0.10849563 0.17717477
374129.49 -0.034356829 -0.13475698
227174.82 -0.20509229 0.075093252
500520.89 0.21157676 -0.091268019
319291.2 -0.25415151 -0.089210313
337305.62 -0.24948747 -0.072706329
361890.55 0.21496677 -0.15705994
227250.22 -0.25332529 0.050384567
499742.25 0.21261427 0.13504017
196059.83 -0.15505248 0.18642661
427398.26 0.14895483 0.22830148
363769.25 0.030172499 0.2752727
311448.49 0.07869225 0.28103505
374868.89 0.061184758 0.26875341
158972.01 0.30870196 -0.011111231
470219.06 -0.041051987 0.11191492
516243.37 -0.1492976 -0.094239071
268508.52 -0.10967996 -0.18315636
606228.22 0.034431071 0.074220087
266876.5 -0.10072507 0.031269875
643303.93 0.050472995 -0.14487221
216474.88 -0.2128928 0.093347382
741363.73 0.037444301 0.10523406
259879.65 -0.27336883 -0.0080051373
521334.23 0.18996778 0.17008797
254943.67 0.077327193 -0.25116622
691736.55 0.157036 -0.13003899
113941.02 -0.10395521 -0.26587866
521144.51 -0.15013097 -0.090176139
260911 -0.096722011 0.037359813
299771.72 -0.10591728 -0.16989418
694902.2 0.073646354 0.19866717
901540.07 0.10464307 -0.08946573
157099.35 -0.15422872 0.24441514
412547.43 0.016897842 -0.0053977927
97029.546 -0.026010929 -0.29975048
532923.07 0.034439021 0.053900905
727947.72 0.15686474 -0.054204197
222761.8 -0.25531048 0.054294542
817053.53 0.11845975 -0.054253078
814447.96 0.14599644 -0.081536075
508529.5 0.14634973 -0.17851342
174992.69 -0.14381907 0.23761044
246840.3 -0.007070191 0.30810082
228025.4 -0.29110427 0.0018186306
391131.57 -0.22506388 -0.082581004
532438.97 0.18625257 0.019625648
422296.09 0.18262211 0.20684501
523332.24 -0.14635723 -0.068074396
712245.1 0.05167027 -0.11415142
196937.78 -0.31097858 0.0080137348
456736.73 -0.19891302 -0.077506067
333041.67 0.2530916 -0.03877302
231402.91 -0.17522784 0.069984821
142345.07 -0.16944918 0.24670091
223508.66 -0.29148448 0.0085358142
602284.05 0.15823435 0.0096421021
465007.96 -0.18450535 -0.10189383
308144.63 0.25951209 0.11658163
349893.08 -0.10988608 -0.15133319
154126.85 -0.22307631 -0.21630272
350454.84 -0.08121772 -0.027566823
119031.84 -0.13905423 -0.26061762
202983.66 -0.31133974 -0.0098484394
844010.14 0.054085141 0.15818543
258359.77 -0.26174222 0.010323747
658950.48 0.045570428 -0.07308196
169957.8 -0.18314804 0.20017493
599680.92 0.058580862 0.055452695
172727.03 -0.049478492 -0.24215882
266398.97 0.0065179321 0.3025817
361413.4 0.093823258 0.26494124
436547.34 -0.029065654 0.24320123
193668.16 -0.24647502 0.11669971
318337.15 -0.090696626 0.20616704
237673.08 0.093660007 -0.25508115
253018.51 -0.095183476 0.059374095
654439.13 0.084942995 0.056100311
407333.81 -0.058710531 0.22105316
284302.68 -0.056385405 0.013614127
451130.06 0.070402103 0.2499832
423883.17 -0.19064271 -0.033244472
431446.65 -0.20865472 -0.064087509
261698.84 -0.010342197 -0.2239881
235445.17 -0.21629716 0.060771362
407719.79 -0.034402229 0.080138118
718167.9 0.0039971999 0.12798411
582368.23 0.039366002 0.064567475
478564 -0.034545667 0.10473161
383509.27 0.092252573 -0.21825493
254257.52 -0.2015801 -0.17557725
212222.25 -0.19830042 0.1107085
450588.03 0.027533078 -0.18556138
717909.84 0.13886137 0.074086378
591782.44 0.16373889 0.027851592
282883.25 -0.17598688 0.030548596
327852.4 -0.24257882 -0.028307431
658526.36 0.077896098 -0.02665497
124366.28 -0.013170356 -0.28565281
421686.48 0.021359188 0.0088571415
648340.79 0.090212671 -0.16499425
256948.7 -0.16150277 -0.18760128
795433.87 0.12683735 0.1031268
208425.35 0.19198329 -0.23430128
194135.24 0.29355031 0.0012262913
471291.31 -0.021014153 0.085680123
404789.31 -0.07530252 -0.086383531
407303.97 0.049108662 0.26319471
711161.54 0.12922502 -0.14714746
342518.74 -0.019570801 -0.1787917
769751.26 0.11855126 0.15764237
673714.49 0.17693048 -0.087898436
285235.41 0.18260248 -0.21244282
264104.43 -0.10104637 0.23098613
214547.79 0.10828853 -0.26034718
562101.74 0.096864774 0.21961878
252142.2 -0.22274328 0.041968982
432884.44 -0.20902424 -0.072568736
849470.36 0.052400087 0.13942071
301558.87 0.22813844 0.2019175
210306.18 -0.12027269 0.24070194
895575.98 0.10661548 -0.083256392
589171.66 0.076566856 0.0013747129
694162.27 0.016618859 0.10769904
233290.86 -0.25288025 0.043834644
172368.17 -0.25377235 0.15656467
664713.4 0.17099845 -0.11740996
735900.89 0.16422287 -0.083552308
806843.99 0.050057087 0.17536276
182459.27 -0.21693821 -0.20234408
218160.44 -0.22729606 -0.17832754
277688.85 -0.086501799 0.019654657
390027.14 -0.22547278 -0.059174343
363204.67 -0.23810956 -0.065128523
578991.38 0.074510573 0.22266018
207796.84 -0.20628761 0.11915481
294129.2 -0.067187461 0.26319783
479652.24 0.031924072 -0.1797881
391242.16 0.21946211 0.17723234
494737.95 -0.049860522 0.14889386
329721.01 -0.065309902 -0.026166725
662528.93 0.086225292 -0.020977262
754726.03 0.14858172 0.13230693
736946.55 0.033820344 0.10625841
701324.65 0.1107776 0.063218792
311309.26 0.23082323 0.19454294
206489.92 -0.15335438 0.16434051
270516.05 0.25816308 -0.12153615
401706.47 -0.10274284 -0.03495049
257013.73 -0.20640629 -0.17203133
372410.57 -0.013871193 -0.041447636
128346.32 -0.11054076 -0.25527529
448426.85 0.072693375 0.25008303
529056.88 0.12118273 0.21761998
820118.76 0.033742844 0.16775851
497004.4 0.0059624405 -0.11308598
510089.39 0.043619305 -0.013336389
241973.98 -0.20540144 0.056465396
255240.82 0.27046244 0.14983941
508826.69 0.0089703302 -0.101275
344513.31 -0.0099662992 -0.0065329841
116376.06 -0.15663261 -0.26110831
309524.5 -0.23880159 -0.0093716981
324662.91 0.10136783 0.27223098
590005.16 0.081688775 0.015618317
312218.41 0.041098357 -0.23191141
118790.19 0.016799933 -0.29745243
647452.5 0.03834744 -0.093846764
789145.18 0.063116465 0.10649296
255228.61 -0.26090917 -0.13172582
731184.2 0.13636276 0.15773815
621515.73 0.18390978 0.088397317
207985.97 0.29094489 -0.050130817
207361.24 0.10686295 -0.2629248
83451504 -0.10373267 -0.004828675
1.0938853e+08 -0.0089064485 -0.040415684
9290440.2 0.14068775 -0.12874384
2153126.9 -0.13650413 0.25102321
1032122.7 0.29211911 -0.023050367
1145591.5 -0.28550538 0.10205233
30925265 0.02144121 0.16413055
14273268 -0.17764541 -0.069061354
16921218 -0.016128142 0.19803669
5163107.5 0.11034769 -0.17690258
93818636 -0.089618326 0.062692769
7469970.1 0.17295905 -0.10995787
550517.45 0.023693805 -0.28339412
14392846 0.18530349 -0.0019286398
9486754.6 -0.22092055 0.025257254
84873138 0.057622182 0.07070566
23717734 -0.17748218 -0.0093353207
926165.56 0.17926854 0.24046486
16035256 -0.070725187 0.19346804
1889660.9 0.13983555 0.23603542
96841120 -0.075120331 0.076968876
2892151.7 0.23324997 -0.088254434
73254320 0.035761458 0.10402794
1207731 -0.0070026356 -0.25402832
45770009 -0.13945002 -0.019025958
3216568.7 -0.26139929 0.021624701
2803241.5 -0.16779989 -0.17340231
1865346.2 0.12049408 0.2473225
9688898.7 -0.07681796 -0.16542661
34662830 -0.14603873 0.090362867
591370.69 -0.018800053 -0.28070243
31423435 0.0066650009 -0.12222983
59798612 0.061600542 0.10263768
11015982 -0.20920693 0.071078265
733861.68 0.066055378 0.30424205
364150.26 0.087363023 -0.2900842
1617749 0.2667537 0.087014034
64413822 -0.12069127 -0.010581222
503704.13 -0.22075406 -0.2154602
39847278 0.0037436287 -0.1098067
1258585 0.14691455 0.24859364
1430212 0.28031303 -0.019987298
51801156 0.10988937 0.047066722
23415197 -0.15956369 -0.055943563
1070767.7 -0.099699737 -0.24458882
22172543 0.16077459 0.047128004
44533867 0.033671666 0.13964674
1063267.6 0.17044788 -0.21437871
7046964 -0.19359906 0.14661312
3639283.7 -0.22984016 -0.085865547
2195399.9 -0.016976853 0.27862932
503641.16 0.069363861 -0.28086944
80271467 0.037744866 0.094921144
2228975.3 0.11844349 -0.20889527
8653013.6 0.20523918 -0.027934467
14756839 0.04252443 0.1939602
15136088 -0.19058086 0.086274409
69515102 -0.026295851 -0.07615154
1676568.9 0.20569902 -0.16531422
749465.53 0.006692217 0.31610646
13340205 0.17291104 0.088994473
24237981 0.15652243 0.044546801
676281.65 0.28532127 0.12903315
14342049 0.057304165 -0.15068783
7281972.9 0.082945659 -0.17297351
748126.98 0.20129484 -0.21135532
9853734.2 0.16716593 0.12566973
8908675.6 -0.04489255 -0.17631164
51831349 0.02273522 -0.09127647
3772102.6 -0.24059339 -0.058464986
11904313 0.027719036 -0.16530855
6044571.6 -0.14912645 0.19934043
2120072.1 0.26641786 -0.0097881013
1.3898375e+08 -0.005995075 -0.010263802
33521795 -0.12312401 0.12386071
11766101 -0.16151101 0.15338277
7882528.3 0.097511195 -0.16362174
76953564 0.037502225 -0.05699506
819992.32 0.22398908 -0.18805809
806130.58 0.30324265 0.0046159753
13698567 0.18447825 0.050824148
12902216 -0.069833183 -0.15516483
7475784.8 -0.091087897 -0.1715647
1061391.7 0.16481356 -0.21761975
1621705.1 -0.24741874 0.16069885
61812158 0.020139533 0.12375524
691402.11 0.30098124 -0.058265764
2439683.2 -0.16896978 -0.17896177
17497865 0.095394902 0.15957779
1.2234429e+08 0.037351053 0.026787295
612279.15 0.21174883 -0.21420577
1739323.9 -0.090760678 -0.22866782
1473079.2 -0.16555581 0.24946707
33001198 -0.0042709017 0.16547441
6337716.2 -0.088433986 -0.17931603
26692035 0.030806285 0.16906304
3932317.2 0.013887296 -0.21069853
80237916 -0.0024805556 0.11149201
53808450 -0.13301982 -0.0089570426
60372050 0.10339059 0.016571222
34542141 0.061133059 -0.10285087
619013.83 -0.30451729 -0.060568308
13107874 0.060049302 0.19300215
2778143.1 0.25688532 0.018133985
18803578 -0.13678051 0.14920331
53116710 -0.11420365 0.095793631
47072197 0.11980556 0.028914317
486803.65 0.052914415 -0.28518945
50900951 -0.14050014 0.0099003154
891395.57 0.14977878 -0.2325683
1.1051822e+08 0.040087306 0.053503036
21485935 0.061663901 0.16809042
18749822 0.16646675 -0.030523395
18346479 -0.015715213 0.19440124
304270.99 0.084507825 -0.29858147
4244616.2 -0.24111332 0.093021723
8389385.2 -0.04598034 -0.17856221
919450.99 -0.15607162 0.27392078
33339813 0.12973895 -0.038898495
2015364.5 0.14488232 -0.20064236
10043515 0.038449147 -0.17089839
1591116.5 -0.14890288 0.25637203
1021663.4 -0.063228396 0.30325926
5119353.1 -0.23563924 -0.037907677
56243772 -0.089750998 -0.065465479
729609.2 0.26363613 -0.14677236
46597901 0.050845036 0.12852099
668924.27 -0.16576359 -0.23857568
1386731.7 -0.28987753 0.012628107
14031248 0.12736136 -0.11521028
32444285 0.00051847775 -0.12102158
5685570.8 -0.17837888 0.17740923
16728474 -0.0073849678 0.19815025
1.0056899e+08 0.050213523 0.055150765
12847371 0.15023889 -0.09861116
11698192 0.16281316 0.11860019
60150804 -0.13136194 0.024155205
2553174.9 0.25961997 -0.0047977429
35608901 -0.16095801 0.032529319
65884164 0.017004622 -0.076726124
3049433.9 -0.26157641 0.053443324
3949395.4 0.079938937 -0.19947223
2180812.5 -0.19869666 -0.15960035
587691.16 0.26367353 -0.16357162
6765078.7 -0.11462026 -0.16594017
1669379.3 0.11927428 -0.22020086
472171.67 -0.042986755 -0.28789354
62216720 -0.098340742 -0.049709505
4865132.6 -0.20381441 0.15643445
23997836 -0.0077866751 0.18156533
1.4991407e+08 -0.021046228 0.0021486564
1654464.7 0.23626544 0.1510769
50484651 -0.13891692 -0.0015839001
88555509 0.06525825 -0.012297345
1.3017504e+08 0.015595419 -0.0085849639
3103827.1 0.18127242 0.18121826
3046609 -0.10094333 0.25283919
1.3488516e+08 0.023575711 0.023102449
63065155 -0.12763856 0.037113968
17858100 0.0097226317 -0.14931325
3006989.8 -0.14960616 0.23000524
1.0632241e+08 -0.088776497 0.018239985
2989375.4 0.25324614 -0.0071409137
15702643 0.1021671 0.16085859
49604858 0.10027366 -0.041273428
3945997.8 -0.15348415 0.21574681
1317703.4 -0.15563215 0.26001979
3536228.7 -0.009974967 0.26081777
28879160 -0.0041610447 -0.12713983
2647219.5 0.2588195 0.010217356
1643819.8 -0.24040331 0.17092605
6578308.3 0.20098299 0.10298205
1187701 0.22505781 0.1865997
67681576 -0.11842891 -0.0072938877
2561703.8 -0.14415416 -0.19224285
3652937.3 -0.14206519 0.22634893
1.0902674e+08 -0.081897722 0.048695546
52906603 -0.1360787 -0.0016122882
3907695.4 0.21983891 -0.088004225
52218367 -0.070716804 0.1305781
19037614 -0.19118602 0.03361086
7408055.6 -0.11719894 -0.16067024
1256161.9 0.010309801 -0.25256044
1.3990357e+08 0.017054978 0.026918324
9683334.6 0.15952132 0.1367837
33709133 0.13851586 0.041385203
4145044.6 -0.24722287 0.073097731
1046360.9 -0.27866877 -0.083174829
768884.68 -0.039669834 -0.26873045
29249198 -0.13976689 0.11554115
8822844.8 -0.20340976 0.11301024
6683002.8 -0.13886166 0.20167588
84491074 0.062612398 -0.025156527
3150795.7 0.049244678 -0.21519667
1.387402e+08 0.010735871 0.00064747711
1802312.6 0.24719569 0.12534624
1511342.4 -0.18396761 -0.19019191
816823.22 0.013881382 0.31203792
1464937.4 -0.094319248 -0.23415555
2300719.9 0.10583412 -0.21251651
673821.94 -0.31371676 0.029499104
2774038.4 -0.2638246 0.061498124
2595745.4 -0.26737441 0.052207787
30100690 0.02085872 0.16568965
726030.94 0.30245788 -0.041518561
8267376.6 -0.0072084584 -0.18251115
915837.57 0.1766083 -0.21750074
1.3563863e+08 0.005144459 -0.0090892601
99324252 -0.044780509 0.092693886
85302483 0.059795603 0.06713652
833225.61 0.17593182 -0.22214944
24085384 -0.11169332 -0.10505877
41732960 0.081979292 -0.077522126
2605673.8 -0.079318919 0.26530294
2119262.4 -0.27467428 -0.00025396957
2376507.6 -0.17984544 0.21873175
25604897 0.14193675 0.078875591
8642765.6 0.15713518 -0.11796041
910655.75 0.1675107 0.24921817
34202565 0.087937809 0.1234929
3588797.8 0.049040312 -0.21028955
4916980.2 -0.075942502 0.24178944
17240705 0.16215541 0.083059927
2787709.6 0.10353806 0.23969084
712128.82 0.26927031 0.15622661
77968073 -0.0013168582 0.1133838
36861343 0.12584982 -0.032892
3051543.7 -0.2549049 -0.038592011
544523.64 -0.29416916 -0.10342151
1736911.3 -0.065514025 0.28334991
42996979 0.090134437 0.10368342
830591.04 -0.28293277 0.14039484
81502747 0.05592558 -0.037837672
10726497 0.12867918 -0.13000102
59210727 0.03584436 -0.07828039
3935013.2 -0.10403786 0.2416752
8927914.9 -0.20917845 0.098808456
4103575.7 -0.036998056 -0.20745414
61662747 -0.095257487 0.10264534
11492947 0.15990532 0.12403005
275897.73 -0.020928566 -0.31468664
1067999 -0.15169059 0.27049607
27674264 0.15205514 0.0076338232
2525985 -0.028786152 -0.22612385
18399802 0.17083935 -0.016746092
1.0733575e+08 0.041117032 0.057379704
4240097 0.1987889 0.1419622
345947.98 0.17947008 -0.26015852
4455440.8 -0.073723098 -0.19759097
6444065.6 0.088309527 0.21213759
10624557 -0.20159961 0.098848652
4207900.7 0.20524268 0.13292028
15062860 -0.086821371 -0.14231188
9268513.7 0.16797472 -0.10080763
13114752 0.18808638 0.042952259
2234140.1 0.26530426 0.01949521
550114.28 0.057138294 -0.27957979
6054645.9 0.020599171 0.23685917
62299771 0.056992512 0.10290243
748048.69 0.28302442 0.12514639
76032762 -0.055475287 0.11076849
1.525872e+08 -0.018608519 0.0072468624
1.4987278e+08 -0.026163721 0.044975987
7521205.5 -0.087838514 -0.17246074
49464842 0.047959474 -0.085717619
89785100 -0.092202568 -0.016025535
4503439.5 0.13921236 -0.16757891
19760926 -0.0594121 -0.13872136
24974783 -0.12932096 -0.088664743
23029983 -0.0010728391 -0.13808816
38617028 -0.14954079 0.068366478
26357718 -0.047308879 -0.12773805
1650455.5 0.26238052 0.097959563
1146869 0.21591688 0.19863656
55113280 -0.033215745 0.13724081
35678562 -0.065432661 -0.10695034
1507700.5 0.26531161 0.099830519
8214309.7 -0.014781976 -0.18256926
515427.82 -0.015404069 -0.28646432
2965559.7 0.24119137 0.09053753
50682562 0.11424421 0.034038828
614394.39 0.14508469 -0.24994024
2728757.2 0.13479549 -0.19282482
3600894.8 0.12387805 0.21816779
6657387.6 -0.21025703 -0.074416996
93060430 0.064973165 -3.2522948e-05
47512392 -0.14089641 -0.0079383461
5326230.2 -0.17205522 -0.13845368
1579190.9 -0.1389715 0.26194731
1.9694306e+08 0.1285893 -0.14327487
67465868 -0.11931605 0.21112307
3.033188e+08 0.13234161 0.10311504
45876100 -0.01545796 0.24700803
3.3019724e+08 -0.19607776 0.0092827382
32590899 -0.27005861 0.062902966
3.9972443e+08 0.037232481 0.15902177
3.1243304e+09 0.023175725 -0.030008308
1.0570631e+08 -0.01341247 -0.22800277
1.1578327e+08 0.12872236 -0.17016768
1.0246644e+08 0.12490845 -0.17901327
4277010 0.13213262 0.2794711
55950552 0.21340364 -0.089477117
1.2334601e+09 0.025699715 -0.11362827
42597212 -0.19099477 0.17991758
4787931.1 0.066661861 0.30193864
7.2460264e+08 -0.1613587 -0.0027750542
1.1185281e+08 -0.22978552 0.05529805
32747205 -0.025711039 -0.26662544
1.4109862e+08 -0.18253491 0.12918937
3.0982278e+09 -0.046006048 -0.042251438
9099507.7 0.02415386 0.29263525
12365688 -0.29887462 0.067223165
64122053 -0.17281577 -0.18709985
3.9874962e+08 0.0030195515 -0.17561092
53343009 0.1718353 0.15452978
13254593 0.17317467 0.21356022
1.4023049e+08 0.0061954765 -0.21670111
1.0804595e+08 0.052291568 0.20732085
29226696 -0.22689096 0.15776612
30299381 -0.27000507 -0.079440891
8.5679575e+08 0.03226551 -0.13214333
17626132 -0.28814422 0.067408837
4.6189379e+08 -0.12058555 -0.13339765
4043901.9 0.26395181 0.15252349
2.2573859e+08 0.097467829 -0.16333563
5.7468209e+08 0.036864619 -0.15108133
86767742 0.093859752 -0.20673603
7498162.7 -0.011650018 0.3008313
15254278 0.2680728 0.0093762206
14042723 -0.22763767 0.19069603
2.22295e+09 0.060851511 0.0087438158
18016068 0.24649261 -0.10123349
1.2445728e+08 0.10979129 0.17277784
36783940 -0.026390858 -0.26294536
4.1894579e+08 0.10751749 -0.12101855
8555826.2 -0.20793564 -0.23743074
16435493 -0.20555477 -0.21475216
3.2340286e+09 -0.052487068 -0.027644575
30148352 -0.09473285 0.24842992
3.9191178e+08 -0.0025830923 -0.17689543
6.0967877e+08 -0.1413303 0.084296281
1.1876195e+09 0.018090219 0.10950436
7564338.3 0.13162177 0.26208027
3.7549445e+09 -0.016246643 -0.021807046
1.6415665e+09 -0.020320539 0.095056996
2.2703081e+08 -0.10992079 0.16690612
3.6165784e+09 -0.0354467 -0.022146615
1.233829e+09 0.082727909 -0.06659928
54526442 -0.21596398 0.13937962
1.814143e+09 0.0096752823 -0.093805569
4245961.8 0.15085775 0.26904211
1.3237132e+08 0.18918249 0.059572746
15254937 -0.25350866 0.15408759
3324069.1 0.13500218 0.28554701
19763128 -0.016068638 -0.28226991
8.2595972e+08 -0.10160309 -0.11356297
1.9172882e+08 -0.012167681 0.19718329
1.1051103e+09 0.10319548 0.024795301
79263573 0.15655607 -0.16122524
56199579 0.22521179 0.034381126
1.9695994e+09 0.049552957 0.05273211
56504487 -0.13844186 0.20770972
2.3523839e+08 0.043639862 -0.18880425
3.7881447e+09 -0.014389897 -0.018941792
2.4214009e+08 -0.042918172 0.18636949
24981287 0.12627299 -0.23422836
2.0753874e+08 -0.16622956 -0.13483513
4.523994e+08 0.075986764 -0.14330138
3.7624901e+09 -0.0015642319 -0.01229723
2.8637943e+09 -0.034639946 -0.057801914
1.8199563e+08 -0.14391353 0.15443962
2.7654394e+08 0.13187867 -0.11911724
9.1433447e+08 -0.0029169957 0.12806889
2.7730117e+09 -0.023489598 -0.063565153
2.2017113e+08 -0.15261439 0.1371093
4860214 -0.021565414 0.31274566
33574976 -0.032814724 -0.26548025
2.0854821e+08 -0.086057859 0.18141632
4.770731e+08 -0.14732073 0.09503004
68033845 -0.21380288 -0.13822754
1.3997034e+09 0.0063604328 0.10265511
3.9950429e+08 0.086694779 -0.14234678
89830992 0.20891616 0.036436409
3.0911394e+08 0.11462554 0.12300303
3.5787291e+08 0.15398545 0.042515988
10969552 -0.26059433 0.16056389
64933961 0.0072286401 0.23447301
11570580 -0.2728522 0.13775876
92953067 0.011576786 -0.23080692
42498052 0.0142034 0.24757964
35285670 -0.24238284 -0.13232684
1.484858e+09 -0.056311933 -0.10261585
15537849 0.16657723 -0.22229623
3.8929039e+08 -0.17256587 -0.079334395
14226255 0.26254443 -0.071967165
9614363 0.183811 0.21630084
9959234.7 0.16325957 -0.24128437
2.4282242e+09 -0.080077246 0.027519646
3.1719975e+08 -0.052697202 0.17367464
40110531 -0.11002452 0.23360061
1.0102697e+08 -0.24138713 0.0036604775
3.0947624e+08 0.081958813 -0.15862321
12221348 -0.21607729 0.20802079
1.4084919e+08 0.18446936 -0.07595315
18309211 0.15101795 0.21940753
1.4426037e+09 -0.046991864 -0.10775873
7899476.1 0.025739466 -0.30610604
4.0989929e+08 0.057479838 -0.15874755
5.9582099e+08 -0.093143107 0.12937495
1.9478183e+09 0.023040231 -0.083301067
2.2266766e+09 -0.085679054 0.031812359
31498028 -0.16748092 -0.22007448
1.1886319e+09 0.054136973 0.091412931
31070628 0.24099176 -0.061644143
2.9649339e+09 -0.058529076 0.02730144
6.5675418e+08 0.11048653 -0.083973513
3.3447172e+08 0.16070343 -0.034497254
6581245.7 0.097992795 -0.29187448
9468758.4 0.029063737 -0.30039385
78042821 0.12961107 -0.18726702
36127816 -0.012891519 -0.2637038
65193965 -0.17974639 -0.1801661
3.6492353e+09 -0.018596332 -0.028585457
1.871257e+09 0.066613432 0.032585467
22731591 0.037594979 -0.27268314
2.826636e+09 -0.064557622 0.02715195
28609408 -0.16480608 0.21672945
2.4776839e+08 -0.1694644 -0.11988516
1.1174895e+08 0.20130577 0.035754688
97908141 0.024714033 -0.22695301
28959228 0.085779975 -0.25012052
27506705 -0.2745929 -0.074185604
1.1019845e+08 -0.063393673 0.21251558
4941284.4 0.1621106 0.25685994
21267228 -0.27172552 0.098962911
2.8204916e+08 -0.022167488 -0.1910128
3.3355365e+09 -0.047814721 0.018381045
12465483 -0.036220351 -0.29513315
4.5951464e+08 -0.16395737 0.071811618
28483575 0.018840299 -0.268832
9637843.1 0.2509499 -0.13641781
14049684 -0.25889957 0.15022376
1.4579608e+08 0.018023371 0.20462142
1.5062221e+09 -0.060106863 -0.10001339
19000894 -0.0086324422 -0.28335601
46691693 0.22211836 0.072634929
14397532 -0.18318116 0.22893702
2.5000764e+09 -0.082604043 0.014272614
10556395 -0.29256198 -0.10966736
18295754 0.050927295 -0.27635889
2.4273609e+08 -0.19737044 -0.070212237
19534080 0.23273814 0.11759467
7.4384848e+08 -0.11024212 0.10434866
1.9313619e+09 -0.079327639 -0.0669554
35900529 -0.2263668 -0.15629468
6.5750317e+08 -0.13450934 -0.096271185
2.711346e+08 0.089027778 -0.16039185
58665172 0.22551113 -0.031376588
14930551 -0.25821283 0.14801297
7.2366447e+08 -0.11976356 0.097289861
2.9358954e+08 0.16358395 -0.047225524
8.8722416e+08 0.097685738 -0.076378042
1.1926484e+08 0.17535088 -0.11071325
6.803425e+08 -0.15520055 -0.055763162
6273665 0.21832354 -0.20690331
6.238802e+08 -0.0091498133 -0.1564431
3.5600736e+08 -0.19326669 -0.012255112
2.1289938e+09 -0.079752537 -0.055920917
1.0048177e+08 0.085435372 -0.20542871
2.4784408e+08 -0.012808428 -0.19624108
1.4485894e+09 0.087667984 -0.031458388
36167027 0.18566641 -0.16646085
80242002 0.17709606 -0.13429212
55076249 0.057634431 -0.23872572
2.1657611e+08 -0.031394017 0.19198594
1.3204588e+08 -0.17743224 0.13893133
38058499 0.12946015 -0.21657386
32369438 -0.11344247 0.2394915
23140999 -0.15770929 0.22891683
2.3095652e+08 -0.090741872 -0.18421652
1.4533805e+08 0.18459507 -0.07208121
3.8394386e+08 -0.060910018 -0.17249083
28230201 0.078142699 0.24483247
5.0360774e+08 0.13824294 0.043548988
32143745 0.091153471 -0.24425664
61038070 -0.22876902 0.11222354
1.3905087e+09 0.079116095 0.049954502
4.8503722e+08 0.095618243 -0.12381832
81348997 0.071599347 -0.21978669
4145781.4 0.30410047 0.012550989
1.5128693e+08 -0.18159967 0.12626586
1.9701971e+08 0.084867424 0.16871027
3.2242086e+09 -0.059338846 0.00069107837
48710278 -0.18350729 0.18097323
3.5456259e+08 -0.18301715 -0.064642775
13480641 -0.30163855 -0.049235237
11632705 0.038452456 0.28322887
37939847 -0.27025105 0.039785222
1.0528457e+09 0.072959312 0.083996175
5.7816318e+08 -0.17208545 -0.0028770065
35108199 0.24103919 -0.039721009
2.0979298e+09 -0.02330216 -0.086930031
9.0791189e+08 0.084229078 -0.092449069
1.4184914e+08 -0.12757738 -0.18601648
73882699 -0.11943483 -0.21653362
4352012.5 0.28507394 -0.11156739
1.3033141e+09 0.0076989087 0.10668971
39041137 -0.13250246 0.22444905
1.338198e+08 -0.14934258 0.16464764
1.120311e+09 0.019759248 0.11240299
10851288 -0.27782298 -0.14047962
7910122.3 0.28606965 0.019108086
31244456 -0.1471475 0.22447974
2.0224922e+09 -0.068565689 -0.072082753
4.2101696e+08 -0.16794697 0.072417332
17830408 0.088892281 0.25544685
10743295 -0.29725976 0.087207958
96688246 0.20862996 0.021064238
1.3658247e+09 -0.1274066 -0.0053003931
1.2941266e+09 -0.078126047 -0.10051134
4691409.4 -0.021659049 0.31370182
1.139217e+09 -0.059908908 -0.11784119
5.929909e+08 -0.15615044 0.061539892
1.7030595e+08 0.17801161 -0.073198474
8967209.7 -0.20827692 0.22662318
40845362 -0.18481396 -0.19606309
3.9940963e+08 0.11053664 0.11170176
1.8060667e+09 0.061024677 0.047630899
50336728 0.23094291 0.017486921
1.16425e+08 -0.21862591 -0.091045481
11741398 -0.17842243 0.23936483
1.6376685e+09 -0.094924866 0.057109173
2.2025898e+08 -0.10110382 0.17273126
1.7260463e+09 -0.10454144 0.034473882
25796977 -0.063153944 -0.26998977
9873957.2 0.22820638 -0.17367952
9225848.8 0.086225754 0.27679189
3.9492978e+08 0.1318387 0.083849232
14844211 -0.24269251 0.17043765
28058332 0.20951305 0.13705543
2.071946e+09 0.04412976 -0.062280571
3.7500681e+08 0.12359746 0.10012596
9697137.6 -0.11812854 -0.28480524
2.3205725e+08 0.062531381 -0.18211592
21054986 0.012895462 0.26954162
39576211 0.14049872 0.19784851
54631707 -0.11936419 -0.22766258
31685932 -0.21830226 0.16446126
1.6503667e+08 -0.20036533 -0.099979146
1.253581e+09 -0.11486723 0.056942155
36046882 -0.23940711 0.12777653
6.6548975e+08 0.0085047951 0.14246434
3.0534099e+09 -0.00059684482 0.042556307
2.1260225e+09 0.037857764 0.05664407
4.0188956e+08 0.15479723 -0.019660229
2.1908412e+09 0.06306749 -0.0022314766
2.3699962e+09 0.051375947 0.023415913
35731484 -0.27236994 -0.046566469
3.4085725e+08 0.1621283 -0.014807717
5891858.2 -0.049888534 0.3058092
4.0023492e+08 -0.045079055 -0.17411509
7.5488526e+08 0.11944202 -0.049089218
26248973 -0.0063628994 -0.2734858
1.3885849e+09 0.087532749 -0.040707988
33075784 0.064776239 -0.25356055
35212634 0.049043095 -0.25615527
3.739093e+08 -0.089145044 -0.16354397
50507433 -0.24729599 0.087484532
2887605.6 0.31399873 0.0055695113
1.3587304e+08 0.19277581 -0.05194671
4.3138979e+08 0.15137735 -0.023135378
15921180 -0.067791144 -0.28384641
18111216 0.22330408 -0.149155
2.8341413e+09 -0.056941876 -0.045064188
1.2934022e+09 -0.0097815462 -0.11851999
6.2202161e+08 0.12102628 0.061003128
2.8721598e+08 -0.19265576 0.054794977
4.7920262e+08 0.11591807 -0.10174234
28438370 0.11441125 -0.23668454
12580724 0.21825128 0.1663898
2.5876189e+08 0.026667313 -0.18962932
3.739595e+08 0.12436029 -0.10841689
1.7624399e+08 -0.19402257 0.097889405
39745438 -0.26490821 0.057910075
47099409 -0.18253108 0.18329647
2.3896591e+09 0.052632134 -0.02710994
20724102 -0.2743423 0.094448441
21602637 -0.20990173 -0.19946272
25718540 -0.038327609 -0.27334127
99985674 -0.23304216 -0.066604404
25575680 -0.20198507 -0.20005327
1.2238696e+08 -0.12209868 -0.19538857
4.4941943e+08 -0.17057641 -0.068586123
2.9313641e+08 0.15775803 0.057843591
1.8227259e+09 -0.098443014 -0.047582667
4359262.1 0.1130363 0.28813515
69352495 -0.1229188 -0.21718406
4.3150571e+08 0.10691599 -0.11978613
29560542 -0.27897425 -0.042503484
10568281 0.12561429 -0.26390638
2.452353e+08 -0.13390632 0.14766101
2.5859328e+08 0.15427336 0.079009882
6277362.4 -0.17092947 0.26466094
2.3562195e+09 -0.026969593 -0.077475197
1.059731e+08 -0.13833914 0.18275255
45473560 0.084996159 0.2258794
16026007 0.11561097 -0.2556502
77531642 -0.21619116 0.11792167
1.1900647e+09 0.060675292 -0.095189031
20984939 -0.21300772 -0.19756495
51932716 0.22495985 0.049251629
2.8548981e+08 -0.090752913 0.16615511
194490.37 0.30540665 -0.035999435
2221538.2 0.051142137 -0.23013556
327866.24 0.20461324 -0.19718812
7070803.7 0.10741234 0.13052256
41614127 -0.067264934 0.075615099
736843.71 -0.24841215 0.18149248
2397439.1 -0.27415779 -0.026004289
947183.36 -0.30537521 -0.056061204
1395560.6 -0.17966828 -0.2258728
1754715.8 -0.28421061 -0.044831882
378740.79 0.090617732 -0.30169156
2492194.4 -0.22691159 0.12969279
53398085 -0.11303695 -0.036787565
1680284.8 -0.133635 -0.24217163
77434477 -0.043085956 -0.041754947
1368584.3 0.11358839 -0.21128083
424658.74 0.14382647 -0.25195259
8697050.8 -0.12335573 -0.17396858
3620756.4 -0.020787919 -0.22934886
568830.84 0.27090887 0.079706481
6784638.3 -0.018210281 -0.20188593
3238352.1 0.09900731 0.18812676
15062798 0.029554634 0.13105379
9772437.1 -0.19307327 -0.10149648
63943075 -0.093007163 -0.040000284
2417844.9 -0.10722212 0.21719911
694997.5 0.19949112 0.21249176
2661108 0.083442305 -0.20150157
1598588.1 -0.035760326 -0.26352105
1588914.8 -0.18568544 0.19662347
880055.78 0.24819855 0.092840296
5461249 0.013596822 0.19150025
2791596.1 0.0069898248 0.22419951
26806692 0.025304573 -0.11057117
3343315.4 0.1785086 0.090486067
3314538.3 0.094728549 0.18917349
627113.71 0.26078473 0.023245559
8781984.6 0.082379222 0.13634501
8181491.8 -0.098509935 0.1633083
22713904 0.048734566 0.089302895
3818347.9 0.04184886 0.20289769
1451688.9 0.079613308 -0.23456414
980246.79 0.2175431 0.16383358
24184147 0.0777361 0.03684795
413866.89 0.27779309 0.011352706
1078720.9 -0.039261127 -0.27926029
52338012 -0.10771801 0.023209623
13903626 -0.1401621 -0.1373911
5122918.3 -0.077035531 0.19188648
6386042.3 -0.05619301 0.18530798
810488.22 0.19819804 -0.13241805
10011386 -0.20180225 -0.081303029
4784310.6 0.10822958 0.15803565
615754 -0.15007787 -0.27488714
71450444 -0.066774454 -0.04919217
884134.43 0.030886888 0.27188621
41626783 -0.10122039 -0.086831223
650908.29 0.018355707 -0.29765479
5811949.7 0.016708067 -0.20033842
566471.97 0.25406283 0.16135925
3870881.2 -0.25182067 -0.054678966
727089.22 0.1315176 -0.23024295
597414.57 0.26599282 0.11270191
43931847 -0.12494726 0.020055649
28916343 -0.15263776 -0.05548393
1427664.1 0.093591905 -0.22567243
14899856 0.10665864 -0.035368785
1123369.3 -0.12354263 -0.26182377
1138123.1 0.23438827 0.026953656
1316951.6 -0.29688621 -0.00068201334
30650108 -0.10954403 0.07816653
156089.21 0.28225152 -0.13326412
1380033.4 0.14106344 -0.1818802
833800.69 -0.28238534 -0.13928795
1033533.6 -0.10246681 0.25500996
11279442 0.022746776 0.15091122
1145947.5 0.13943194 -0.19500171
1797437.9 0.18084172 0.15871054
601136.79 -0.068713369 0.2851792
10967479 -0.052998586 -0.18161774
488821.23 -0.04939814 0.29646078
444182.23 0.27137559 0.15579489
575140.73 0.23305066 -0.089192472
1037482.3 -0.090591701 -0.27414242
34921681 0.040091279 -0.071169114
4064625.7 -0.19896905 -0.15659507
2448509.9 0.084446115 0.21043925
37304546 -0.11264165 -0.08713313
22583740 0.073678485 -0.064641495
489052.28 0.10619288 -0.27552817
6275072.6 0.025333795 0.18204738
547694.55 -0.049576514 -0.30605688
5403346.2 0.12930162 0.12837679
3244967.7 0.14445158 0.15284945
25139432 -0.0098458754 -0.13304273
54238979 -0.10894076 0.01400648
996932.86 0.22914608 0.14037385
447796.03 0.090112126 -0.29163799
856791.88 -0.18615114 -0.24269718
57320152 -0.028291257 0.049934565
13020106 -0.13726864 -0.1435864
1060136 0.077504493 0.2537906
27241095 -0.075746663 0.10316176
4477915.7 0.17022287 0.00093710399
2873660.5 -0.050813929 -0.23966501
991731.66 0.20929912 -0.090114793
442996.6 0.13269249 0.27710366
5108495.2 -0.13148908 -0.19556465
1169047.8 0.12898865 -0.20512557
1814361.6 -0.23515777 -0.16171224
16394585 -0.13856426 -0.12805234
530516.74 0.10070662 -0.27456251
8997584.4 -0.14667565 0.13282427
57077196 -0.07098579 -0.075112497
1931572.3 0.21158323 0.047390202
284697.27 0.25034669 -0.1265192
500483.61 0.27719589 0.09310058
22267809 -0.040571077 -0.14535824
330602.92 -0.044254021 0.31275327
26549134 -0.067849608 -0.13321608
1702843.4 -0.28640019 0.011855678
1348097.9 0.031021875 0.25356933
31512090 0.066322598 0.0028507004
21902778 -0.01476313 -0.14260276
776322.91 -0.095949143 0.26868906
376673.42 0.27734857 -0.009979211
388425.38 0.28461695 0.030965827
3806969.6 -0.18464056 -0.17434978
1682973.2 0.20411156 -0.040843122
28342237 0.029217351 0.085268541
78626014 -0.064720124 -0.00075981417
652493.16 0.055635112 -0.28737155
13841230 -0.040853553 0.14783022
500368.63 0.1913596 0.24068104
414294.63 0.27700671 0.0079137196
6036734.8 0.028849425 -0.19377594
45542403 -0.12685559 0.0056188407
20855610 0.043381717 -0.1139602
454979.37 0.12465404 -0.26525869
711289.19 0.24265503 0.15557027
25641294 -0.13570057 -0.097112036
30189090 0.015427877 -0.10879231
8556074.4 -0.065719853 -0.19207932
1561536.6 -0.023748399 -0.26418428
978943.16 -0.23941505 0.17417647
3029770 0.063373269 -0.20874401
319522.72 0.26563505 -0.075046273
27288115 -0.11623738 -0.11001976
1328090 -0.15496155 0.22376782
3093261.4 -0.2088711 0.13837703
4442621.5 0.17111067 0.051713854
13689117 -0.1874465 0.049049136
1738079.3 -0.26883091 -0.10528178
64328668 -0.098036593 -0.021314698
507295.86 -0.19358825 0.24700186
1220960.5 -0.29754688 -0.046078999
3008023.5 -0.17954141 -0.19058844
1112128.1 0.22577857 0.13301208
6189564.2 -0.13731918 0.15955936
7159164.1 -0.18492073 0.1110335
16715026 -0.14196464 -0.12379893
29764512 -0.084964102 -0.12125879
11668786 0.099277246 -0.088721787
352950.6 0.23690343 -0.13188492
943299.16 0.17347372 -0.16281607
1907071.9 -0.28323337 -0.014276871
1561079.4 -0.13269171 0.22684463
5005250 -0.021960727 0.19888452
8249218.8 0.10176515 -0.11482379
1996387.5 0.16084258 0.17260272
20437754 0.0043351406 0.12041217
2300463.5 0.20221594 0.020846359
6268038.1 0.038099928 0.17857995
1866328.3 -0.067366081 -0.25541635
13909533 -0.089706701 -0.16364193
44862172 -0.086894521 0.061142137
23106030 -0.095036049 0.10655456
19944714 0.062607576 0.08791003
78485693 -0.066612779 -0.0030413254
2507205.5 0.12204359 0.18893132
786513.24 0.23083675 -0.057683507
3227291.8 -0.028571303 0.2189219
4159050.6 -0.2518952 0.0073213622
2001666.2 -0.073488306 -0.25183342
502173.51 0.023385513 -0.30951978
20618869 0.028867977 0.1102483
1162742.1 -0.30123493 -0.026551008
14095909 -0.06620794 -0.16814263
56596781 -0.087457881 -0.065979774
3571860.8 0.18218681 0.048283836
678231.48 -0.070660513 -0.29442768
11100350 -0.14899858 0.1181756
8390484.7 -0.14057316 -0.16604403
10034468 -0.055767373 0.16327153
10223570 -0.17552282 0.096561842
2470579.7 0.13317892 -0.15557458
6285155.8 -0.19902216 -0.12805702
12150454 0.0010024721 0.15197926
860207.4 0.03184866 -0.28145753
717422.05 -0.28087698 0.137248
34245741 0.048517179 0.043600206
2266266.1 -0.26619016 -0.082909968
6964099.2 0.10300885 -0.12576592
1226684.3 0.092776556 0.24175231
472146.48 0.12699796 -0.26085242
876156.74 -0.16896322 0.23533781
67599761 -0.089073544 0.003458122
560827.77 0.20634514 0.22203217
30533025 -0.065429764 0.098313808
1078177 -0.05613715 0.26331696
9589803.3 -0.20619292 -0.075499712
977522.94 -0.19007541 -0.23449833
246292.62 0.28455402 -0.059464878
8314931.6 -0.11551964 -0.17985018
4753583.1 0.12445931 0.1441715
6158763.2 -0.22578876 0.051302122
2833823.3 0.070804096 0.20842465
514114.28 0.21141863 -0.14637697
413734.23 0.28678575 0.076454042
57334446 -0.06197804 0.049051534
1092325.5 -0.26402631 -0.15230487
402636.01 0.06901814 0.299377
21455852 -0.074841039 -0.14419611
34121415 -0.12416896 0.054923153
2935629.6 0.027070001 -0.22756509
64056290 0.0057902627 0.0043073285
17900573 0.078546539 -0.082504951
198203.82 0.27329894 -0.12012732
3875418.5 0.058628653 -0.19963106
3172558.5 0.004569418 0.21859295
16342246 -0.075978088 -0.15881116
1087138.5 0.22106152 -0.045247215
26679352 -0.0023102069 -0.1266309
635089.11 -0.13469942 0.26474253
9542268.9 -0.11023494 -0.17532226
61773950 0.0084761677 0.0087710458
1231512 -0.17778892 -0.23246369
36565720 -0.035142839 0.088479153
2270891.2 -0.033680732 -0.24935625
6562004.2 -0.23279127 0.0071419452
5544115.4 0.063740949 0.17562298
7167546.9 -0.22094867 -0.072373484
2347990.4 0.14596173 -0.14095828
229225 0.23494812 -0.18095027
1754998 -0.17841133 0.19679637
693578.01 0.15018149 -0.21360517
443381.9 0.25060667 -0.073477568
1572265.8 -0.21629104 0.17096051
1254433.8 0.21545345 0.14019173
39422599 -0.13793612 -0.033939877
8680710.7 0.085339416 0.13487812
8942962.9 0.13187124 -0.036943609
386459.41 0.1079821 -0.28901349
780372.43 0.20483631 0.19905411
32971858 -0.03084726 0.095490225
1126564 -0.0098753136 -0.27676688
13628549 0.1141473 -0.019865076
3073921.5 -0.20109784 -0.17039924
5355796.7 -0.21315019 -0.11899971
178769.85 0.30722352 -0.047961219
2251293.8 0.20226678 0.012059835
527607.9 0.20885298 0.22435286
1003544.8 -0.30683931 0.003018378
264456.76 0.29846694 0.0049419592
1233403.5 -0.17781744 -0.23238032
3540346 -0.009147201 0.21457949
1263613 0.099809634 0.23757081
1679417 -0.27915858 -0.078271436
20718943 0.016936887 0.11527562
2354793.8 0.13389502 0.1844282
24242249 -0.16800233 0.0096291306
64502980 -0.04153073 -0.067570142
823945.73 0.0017369057 -0.28913497
50213510 -0.095744795 0.043438406
656375.02 -0.15942988 -0.2681625
18524518 0.073927435 0.082024438
1689797 -0.056867582 0.24442494
5510062.2 -0.23544029 -0.062193107
77694653 -0.071769914 -0.013778644
528431 0.19194549 -0.17730202
1852708.8 -0.16864878 0.20055021
25856547 -0.050447909 0.11126512
22410333 0.0039392475 -0.13494717
3076594.7 -0.24753893 -0.10030969
2821191.3 -0.25212408 0.072859841
3651242.2 0.11047423 0.17380931
5198985.9 -0.16345495 0.1513133
1106182.8 -0.23742158 0.16894171
470718.17 -0.161992 0.26651767
5907409 0.13443227 -0.085916111
497173.93 -0.12414 0.27877513
809000.12 0.23354005 0.15766506
50287492 -0.1146787 0.017029344
752024.14 0.22623496 -0.076575453
3707532.9 -0.19028367 -0.17063784
627463.74 0.010543717 0.28826181
2751576.1 -0.21805306 -0.15797848
23417518 0.010044376 -0.12935745
2133697.3 0.19589726 -0.034364887
1185186.8 -0.2362407 -0.18497171
14759284 0.085009608 0.09101905
16824486 -0.18998069 -0.016840764
