60562.59 0.14767914 0.077788147
2906.374 -0.23033883 -0.1992248
1469.1848 0.22702609 -0.086162671
2572.8513 0.23597747 -0.093479157
571596.99 0.053165506 0.05622734
568796.53 0.013845827 0.087851783
14704.611 0.28709912 -0.036062743
61950.672 0.02279414 -0.19703198
480304.74 0.14174483 -0.066594041
671.47652 0.21341584 -0.21057603
5963.9466 0.090199165 0.2382202
42339.404 -0.10308566 -0.17382337
2314.9437 0.037931633 0.26091943
48650.84 -0.1011821 -0.24875759
22364.893 -0.079205933 -0.29067493
79938.409 -0.19492805 0.02803355
218.05906 -0.20924865 0.095411698
2369.5341 -0.15210059 -0.23051206
46581.131 -0.20148906 -0.093132729
250.56114 -0.23769618 0.089262287
7369.4085 0.11947112 0.28360769
23525.42 0.18300869 0.055397271
89644.585 -0.078293655 -0.15777321
15493 0.21210164 0.17472215
163986.44 -0.14899209 -0.008214649
7522.7841 0.031889362 -0.14671312
19615.105 0.17783441 -0.176497
200.07848 -0.30285825 -0.04825292
11468.992 -0.10411228 0.25547258
5510.2914 -0.25274207 -0.18422567
30119.702 -0.032865188 -0.26292292
46893.984 -0.055755398 -0.13736505
157723.16 -0.068073619 0.14770327
103397.28 -0.13316926 -0.091259044
105178.04 -0.13431087 0.063972494
44002.626 -0.094769614 -0.24362424
60.734183 -0.15946902 -0.16338861
122232.73 0.1166217 0.091853075
97945.497 -0.16084165 -0.085098719
11224.346 -0.19341854 -0.072090557
416121.36 0.1170248 -0.040706476
20048.878 0.062747422 -0.21451057
9788.8399 -0.23422843 0.039220936
1277419.1 0.026087226 0.084155175
30318.622 0.20606965 0.048403923
6659.0307 -0.048317676 -0.21817764
78380.931 0.16988346 -0.08690598
20699.114 0.19367827 0.045748845
37667.108 0.24944108 -0.013215862
7156.7526 0.10447619 0.21657146
22373.693 -0.053660574 0.25390211
16764.125 0.25136191 -0.0021289217
12633.147 -0.029073321 0.31371529
320332.47 -0.12584588 -0.04968535
249364.13 -0.073000717 -0.11269877
6396.202 0.080878068 0.22772592
6412.9847 -0.24980934 0.041327131
29485.158 -0.20477076 0.18356416
2216.9202 0.084078975 0.26299487
13768.57 0.23880418 0.036400954
58879.644 -0.23104549 -0.02667361
27427279 -0.030286658 0.019145171
14093.057 -0.1478129 0.045986783
21207.612 0.060876391 -0.23514848
4706.4673 0.23365991 -0.15041071
13234.442 0.3048981 -0.027535913
12394.544 -0.21982107 0.022716257
34637.452 0.15042682 -0.17236351
3099.25 -0.11015761 0.28892949
1780.3364 0.2639348 -0.090943282
12754791 0.054511124 0.0024223744
526.83647 0.12386961 -0.18786969
1313930.3 0.074192731 0.044215937
10022.642 -0.15075761 0.2751616
290.13015 -0.30981733 -0.042947734
19349.95 -0.17887186 -0.045780324
9897.2795 0.0060752633 -0.2879208
15680.032 -0.18609738 -0.07121913
22676.701 0.29271417 -0.052639553
12984.019 0.15493434 -0.26110424
30536.276 -0.04028428 -0.25108704
213815.84 0.073143861 -0.12363704
60665.461 -0.12352402 0.17126192
4464.9673 0.024201525 0.26937284
118712.43 -0.076822309 0.14766256
5106.3 -0.10373134 0.2955629
2245.1873 0.27456206 -0.095788137
542.55489 0.22605768 -0.21378653
33263.953 0.16257643 0.13194098
5843.7496 -0.10571838 0.24031691
34929.106 0.0093912345 -0.24520475
27825.806 -0.041068969 -0.19440555
47622.888 -0.10531973 -0.17319395
1343827.8 0.020949457 0.082388104
5040554.9 0.049694669 -0.015534294
2460.379 -0.18386346 0.098764079
10589050 0.06225218 -0.010564393
43796.424 -0.008603724 -0.21837556
11447.891 0.29310723 -0.028785895
342908.4 0.022213662 0.10161065
20466.573 -0.13627396 0.21954519
66679.149 -0.15153357 -0.12446831
9994.1925 0.067518079 -0.25173653
142623.29 -0.11212258 -0.068469376
3227.6588 0.025266898 0.31285162
1408.0073 0.2363012 0.068059813
9123.939 0.26394671 0.05780616
19333.331 -0.22264865 -0.14620819
23645.603 0.13968545 0.13489529
21964.399 0.037018449 -0.29279648
60631.777 0.13873415 0.080913925
737717.09 -0.10623445 0.084537314
56778.633 -0.11141838 -0.17773242
251178.01 -0.098338931 -0.11002781
80468.245 -0.011059841 -0.17635847
2251.1011 0.2344013 0.094967415
1269330.3 0.070837991 0.04550883
52038.202 -0.019003721 0.17438133
27082.347 0.27499511 0.017420928
1141.3733 -0.2472916 -0.068455774
31721.106 -0.089240663 -0.24182688
50062.639 0.084684033 0.088474791
2.9363376e+08 -0.0050808338 -0.031194887
51692.206 -0.013236345 -0.22206121
16590.678 0.29535972 0.098101793
3927.3292 0.2298589 0.071053962
53122.121 0.11121566 0.073587596
34569.382 0.18684121 0.034563187
15503.681 -0.040300834 0.23933805
23527.43 0.029933616 -0.24494111
120324.65 -0.16256016 -0.0011080422
735336.64 0.0069348628 0.1310984
11930.529 0.21881806 -0.10006918
13649 0.040549058 -0.28265602
136445.49 -0.15529888 -0.022227213
8597.5735 0.15953316 0.23753651
145679.67 -0.076887265 -0.12474223
37888.397 0.053676212 0.18976093
2.7729575e+08 0.0068238669 -0.0064121021
13243.29 -0.11901088 0.23827265
21840.402 0.26699811 0.028426832
31654.219 0.17209827 -0.037020201
442895.22 0.1395851 -0.053131894
5895465.5 -0.048678572 -0.062160052
48826825 -0.02163777 0.01791519
216743.83 -0.080779096 0.13811684
24069350 -0.029401093 0.024535001
10257.539 0.16309028 -0.24671788
1.4424552e+08 -0.020606765 -0.0069899594
6471.0836 -0.28192986 0.077644301
600087.88 -0.0061792692 -0.11000165
15353.04 0.30881827 -0.032763999
21242.964 0.0023825627 -0.14960089
34011.78 -0.13338519 0.15040051
2186363.7 -0.068377177 0.03874112
3112.1319 0.18019363 -0.24700547
38422.306 -0.005209252 -0.21652346
24472.277 0.27648658 -0.055306766
10762.14 0.22162783 0.11010751
36673.23 -0.21119477 -0.027629412
18311.804 -0.27762787 -0.13633095
10090.455 0.22821143 0.1429401
11966.735 -0.23818638 -0.050160734
37461.165 -0.24695239 0.0046016972
218061.55 0.10308992 -0.098103758
793379.74 0.10884982 0.019743733
2415290 0.032368371 -0.064382888
22649.022 -0.23995561 -0.10513257
464476.34 0.14240807 -0.06089171
2700050.7 -0.091176622 -0.0079625219
189896.2 -0.033588235 0.13801038
1965.5873 -0.282906 0.023914654
1008639.1 0.10206349 -0.062862055
157593.01 0.14960665 -0.096458787
2793.1072 -0.20153125 -0.17160635
8217.0841 0.22326107 0.076295722
24118.712 0.22704095 -0.13433086
67422.499 0.10302439 0.1787142
341.78203 -0.18327542 0.072682229
44868.744 -0.078981635 -0.16497689
4724.8433 -0.13657006 -0.2768063
6394.6523 -0.30212525 0.047562843
13617347 0.057737408 -0.0036565017
48208.955 -0.1082819 -0.25391592
346265.26 -0.087842336 0.069402741
181582.99 -0.1122541 0.11003241
74346.507 0.092139635 -0.13194843
68117.826 -0.11711242 -0.23646342
4061.9491 0.2519947 0.18302166
16062.594 0.02737025 -0.26468024
171190.72 -0.073445411 0.14433583
199495.54 0.13725791 0.049422647
2279268.8 0.046265112 -0.02200595
27017.88 -0.064038441 0.23771492
16958.351 0.2032604 -0.079200067
655088.96 -0.025676914 0.12073462
13266.259 0.2436221 -0.18564839
98823.911 -0.15846687 -0.030378556
11168.35 -0.22380056 0.025922947
12204.982 -0.17518951 -0.26242212
380283.66 0.089260329 -0.092779382
15523.194 0.029582314 -0.13133028
2282.5418 0.26407287 -0.11456395
21334.573 0.15653549 -0.23562183
66353.859 0.13304789 0.11992377
75681.884 -0.13104389 -0.025755627
21847.545 -0.1903049 -0.015146395
858.40941 0.23961315 0.11536471
30683.616 0.17099875 -0.043179436
147577.37 0.14577774 0.06794674
9792.5388 0.046756145 -0.27619091
28596.825 0.19605792 0.18200866
66432.584 0.057515956 0.21186778
17529.863 0.30149413 0.014646888
44765.839 0.054262525 0.16852498
16174.615 -0.11828332 0.26933951
440242.69 0.1387216 -0.053102346
26252.29 0.22800968 -0.039302427
146506.04 0.10310176 -0.15271421
8427.7878 0.095253667 0.27380217
492283.3 0.0086931943 0.15088667
3530.0646 -0.22716522 -0.17700344
1838627.5 0.085398171 -0.067207419
2900.6367 -0.24379879 0.061459745
15769.802 0.27894351 0.058895844
32246.873 0.053878123 -0.19951641
8455.0292 0.078472868 0.22669762
13776.397 -0.21608909 0.16717954
7344.0657 0.19318236 -0.15956446
742.61952 0.24081741 0.10553907
154141.38 -0.090660093 0.13047351
87075.048 0.071665586 0.075314386
52808.298 -0.16738159 0.11594796
1204757.8 -0.10383126 -0.0050955897
282405.89 0.13606049 -0.035263206
30656.947 -0.15665056 0.247215
68983.682 -0.085605456 0.14921241
41418.325 0.17595555 -0.058364818
16598.022 -0.039458371 0.28000063
12593.018 -0.22509496 0.02398168
497.55658 0.22077239 0.22639705
46307.046 -0.12439054 -0.24024714
29153.744 -0.20962111 0.13036094
35232.782 0.099419662 -0.24109614
47238.643 0.25629841 -0.037011246
68964.425 0.14936505 -0.10500243
5123658 -0.0085481766 -0.080267954
174640.68 -0.15260885 0.021738561
16047.393 0.111604 0.13777004
5476671.7 0.045025226 -0.010470527
245837.16 0.14492124 -0.01486119
9087.5068 -0.091271071 0.21847164
11054.317 0.20670928 0.12395512
520.61991 0.19187047 -0.20220681
6219.7262 0.23010279 -0.19452333
9484.7256 -0.28657059 -0.098114421
1781690.2 0.042658343 -0.02511199
22550.049 -0.19055611 -0.012692722
19939.205 -0.050200077 0.23280018
424660.48 -0.10261428 -0.03479954
17650.41 -0.060459456 -0.2906887
231425.91 -0.083412269 0.1329002
194316.44 -0.07497184 -0.079879237
9683.6713 -0.21840526 0.066953525
138829.18 0.073389514 0.12587493
6337270.3 -0.058946463 -0.0096965868
90497.079 0.17524563 0.0065147241
44782.469 0.14541619 0.082694798
9603.6506 -0.099331698 0.16249688
10222868 0.053470033 -0.0082563118
16783.737 -0.26210994 -0.024016133
43122.562 -0.13607831 0.15199428
48700.35 0.061061923 0.17198027
11895.112 -0.069482656 -0.18915817
15661.398 0.23843041 -0.052993338
3543.8172 0.20468419 -0.19592186
805157.81 0.094460309 -0.015068541
2915.8742 0.05421743 0.29264595
1001.1704 0.23728361 0.08768998
39617.412 -0.15033801 0.072349593
37855.478 0.19020528 0.12488288
21576.468 0.042087258 0.22296956
11441.14 0.28792071 0.095270729
3452295.9 -0.05866487 -0.019456187
7000.9248 0.16764601 0.22440103
248454.04 0.030520672 -0.099748914
7001.1803 -0.30095576 0.084414494
19671.73 -0.10417314 0.21020701
215845.27 0.13715315 0.063428832
3475803.3 -0.030933371 0.059221545
14435.185 -0.039567609 0.24345372
12946.266 -0.25587381 0.1176536
38202.003 -0.032438151 0.21319282
5938.8827 -0.20513536 -0.070434787
2933.2159 0.093913592 0.25529703
15671.376 0.11155629 0.12667967
31041.5 0.27415822 -0.051560696
2.5614776e+08 0.00068529812 0.00023628655
9424.8266 -0.0419957 -0.20523496
721285.8 -0.068887187 -0.07024287
26619.892 0.15902094 0.13502309
18583.305 0.10248648 0.12201788
14040.109 0.11149883 -0.24768751
40774.583 -0.15068236 0.072985735
25544.923 0.28101293 -0.042523588
153.90772 -0.15527726 -0.18262025
333947.88 -0.011830895 0.14498634
23110.066 -0.12768258 -0.26022616
8410.7779 0.053451302 0.23467158
612.20535 -0.20912572 0.083255907
20743.728 0.24952662 0.1597844
27195.707 -0.11383615 0.25543937
4096.8455 -0.11261674 0.23088659
35409.002 0.18883311 0.060988226
16364.25 0.016655077 0.2412779
12800.889 0.18062028 -0.03619977
64062717 -0.013173472 -0.043672646
9589.5084 0.12479782 0.23911449
101661.62 -0.15470015 0.10584956
83272.132 0.11649068 -0.11178624
16169.315 -0.19888743 0.19884919
7147.0767 0.022448046 -0.28346288
24501.612 -0.065561992 -0.26208126
404423.08 0.012644744 0.15058357
120379.15 -0.11030194 0.12017716
128582.68 0.089121076 -0.14021719
1810.7004 -0.16664292 -0.2343426
26936.949 -0.047094766 0.21825665
5767.1436 -0.23036969 -0.082468564
19002.127 -0.19882355 -0.010348593
94996.415 -0.16572144 0.13453353
3469.6254 0.17452703 -0.19103443
1439891.7 -0.071101997 0.061208725
56355.717 0.1100452 -0.11333672
4432.4324 -0.14037192 -0.22094117
17859.139 -0.20348923 -0.045606042
2549055.6 0.037193537 0.066141079
8389.5855 0.23830266 -0.17903991
2554579.7 0.080437187 0.026106823
30057.528 -0.14700705 0.24567034
17498.334 0.0015495608 -0.13968289
298980.78 0.14944898 -0.039035754
1311051.5 -0.10560562 -0.014628668
34316.372 0.23764928 0.017913921
1182435.8 -0.092343395 0.010576278
134222.04 -0.036721836 -0.11650569
3810.8862 0.20169715 -0.16278194
13877.701 -0.24026725 0.032468995
3159438.3 -0.083587652 -0.010363045
21260.627 -0.13100986 -0.14662098
102679.03 -0.11128946 0.12191001
592176.13 -0.0046370307 0.12881454
822254.32 -0.00060024182 0.11840666
797.28939 0.045776741 0.25913251
4960.8866 0.22962826 0.10540711
189144.71 0.12176243 0.061379804
370938.28 0.13608075 -0.044035072
1450109.4 -0.065129839 -0.065374615
16790.332 0.0599315 -0.21607819
2100.9351 -0.17544046 -0.21044024
17457.577 0.18493037 0.10672058
1204231.8 -0.083388565 -0.05949185
73576.406 0.10976857 0.070283891
5489.263 -0.28182403 -0.093457236
13985.275 -0.076467502 -0.27817102
3798.8066 0.21694298 -0.19963813
1906321.2 0.069051598 -0.056616741
88643.642 0.12003575 0.11559214
153700.62 -0.13646289 -0.055186673
1298.4906 -0.2505326 0.081713082
27257.685 -0.10567516 0.14003298
5764.1573 0.018298422 -0.28337341
24111.595 0.041742996 -0.30424416
1652.7593 0.28291957 0.12043284
760.39294 0.1340024 0.20315555
3310.8694 0.30121396 -0.095776626
5921.8425 0.21311737 0.20526283
1851.4874 0.20490516 -0.20152359
118215.63 0.11630483 0.067045893
12646.008 0.14657383 -0.26526752
6947.6687 -0.19873897 -0.22737115
819182.28 0.11090034 -0.056121212
26337.672 0.051293121 -0.22880833
16210.731 -0.077746523 -0.30213305
13927499 0.005924152 -0.06899185
9745.7216 -0.21874864 0.20650594
27234.251 0.17744572 -0.15681064
8651.483 0.10425846 -0.22174816
605971.17 -0.053655908 -0.094391116
109493.38 0.023726545 -0.10562503
2010.3514 -0.24278647 0.067993685
43687.065 0.26586063 -0.029067851
49663.049 -0.10969864 -0.25386901
7512.1571 0.067658007 -0.27965662
7843.9504 0.096560749 0.20778994
163374.81 0.082040455 0.057859928
21190.226 -0.1371333 0.21705996
8888.4273 -0.26825017 -0.12178072
12474.417 -0.20677549 0.11789355
10507.204 0.25388695 0.013836042
3258.097 0.21998177 0.19406118
3786.2639 -0.23265028 -0.19797778
3840.4486 0.012981764 -0.13624737
16879.834 0.20157389 -0.082502589
15105.269 -0.24257176 -0.044539162
17537.946 -0.22056777 -0.098556866
1783.8561 -0.16016614 -0.23434019
29649.099 -0.20452879 0.18440386
393790.61 -0.035039382 -0.09228816
39905.387 0.25170231 -0.034056606
12051.624 0.13576532 -0.23531593
177392.88 -0.1401345 -0.10315255
405979.58 0.044653815 0.11729374
575955.03 -0.03407431 0.097717539
15719.997 -0.1799357 0.24837525
14922.504 0.0091585883 0.22333775
18045.03 0.26287955 0.14895437
712.38109 0.22486108 0.22107317
247872.32 -0.016715394 -0.11875346
70436.388 0.1113321 -0.1079068
4878.2237 0.25372923 0.042894718
37648.81 -0.055213449 0.22595085
1.6598055e+08 -0.01083229 0.029007911
49295.781 -0.043791899 -0.14367872
6023.2971 -0.13352253 -0.21184746
205415.07 -0.14066403 -0.0083752044
111545.53 -0.16080767 -0.029792848
12656.554 0.17168275 0.21702273
9709.329 -0.040661622 -0.29028322
15660.445 -0.2781736 -0.013954222
91574.312 0.00098063448 0.18532893
13826819 -0.029311705 -0.056104534
13593.134 -0.21673165 0.19890449
9000.7774 0.12374987 0.19227572
51027342 -0.030062268 -0.042583003
26282.015 -0.02732055 0.24839042
49554641 0.0047147989 0.052677693
29644.036 0.1378512 0.15576389
27425.326 -0.16914121 0.26070846
16963.18 -0.024490719 0.28004612
1860935.8 -0.060660659 0.040793667
144370.65 0.12740829 -0.024648104
11619.095 0.085055833 -0.19250405
66738047 0.017303133 -0.033069282
2593021.6 -0.067759859 -0.047435229
13939.218 -0.25677513 -0.13153207
9392.3653 0.21950955 -0.098321229
597092.21 -0.11460956 0.069880727
10648.351 -0.15801651 0.068245841
10088.322 0.24557077 -0.14350847
6948.4592 -0.27687688 -0.03981638
2454.16 -0.24207607 0.065106607
93750178 -0.032112312 -0.023079472
24317.9 0.077613994 -0.2015599
140145.08 0.18999301 -0.11209714
24343.093 -0.06854376 0.26478618
11588.087 0.080929058 0.21183189
55869.621 -0.026058654 -0.23913947
585499.99 -0.11418696 0.069255382
235561.58 -0.11604902 -0.038240899
1093.3771 -0.27616526 0.10892078
28091.364 0.2956291 -0.056479292
95420.34 -0.074625101 -0.15589498
21270.065 0.10496555 0.1355972
5445.4424 -0.040189713 -0.305898
471398.12 0.054404025 -0.11101792
18985.502 -0.23854145 -0.10790213
22212.476 0.032086943 -0.23635916
163088.08 0.068328051 0.15314701
1990659.7 -0.032365016 -0.074732692
14830.42 0.11708641 0.22909353
25800.197 0.18172254 0.2036557
22157.512 -0.27263258 0.064951797
65365.501 -0.15919783 0.15563904
1232.1936 0.22298668 0.20923377
174672.9 0.079759832 0.16024293
1.8803421e+08 0.012453494 0.0011298668
51779.186 -0.15085559 0.14013987
2430636.8 0.08066002 0.0057907256
23256.689 0.084154346 -0.18196788
110390.39 0.0096860558 -0.19639936
10953276 -0.027475352 0.052842579
7863.2829 -0.28691449 -0.093143285
3076468.6 -0.050590509 0.029999164
110454.13 0.037418343 0.16491833
15662.068 0.20450611 -0.030920438
60113.545 -0.1935471 0.16386908
63051.738 -0.10699435 0.17766969
16463.561 0.22995417 -0.054726051
246980.64 0.13914341 -0.093568289
173061.81 -0.079466373 -0.1212778
6246.1659 -0.19514672 0.2352583
8031.1592 -0.25616701 0.11130618
6586.8258 -0.10087262 0.24908366
5329984.1 -0.0015808933 0.068787181
322338.1 -0.11876615 -0.019678519
161342.75 0.041265398 -0.11974087
8742.7933 -0.1492478 0.05493904
88577.408 -0.15633115 0.16466433
4625.4124 -0.086348146 0.24946233
104777.68 0.17644725 0.028833738
3224.0987 -0.21396427 0.21784983
1287.817 0.23404332 -0.082536582
38766.177 0.11358919 0.18414675
29944.175 0.059143853 -0.16757603
11837.434 -0.077310884 0.17100633
404485.04 0.0003183044 -0.10970475
97373.26 0.19847698 -0.11674854
49370.785 -0.19817387 0.12481479
10021.763 -0.20417888 -0.12281433
14626.946 -0.011076658 -0.29085057
29032.636 0.21163809 0.05033972
25112.484 0.00012960122 -0.14547633
357804.36 -0.023362007 0.085132997
9205.28 -0.13461903 -0.17385132
392279.29 -0.11587827 0.095944108
5284.3971 0.25859758 0.056995706
424591.78 0.12055732 0.0069657851
19087.741 -0.11307269 0.16145869
11688.243 0.28834411 0.085425851
24956.228 -0.0892251 -0.24815563
861386.04 -0.083187979 0.05508206
16991.661 -0.026057801 0.3051939
447472.81 0.10992624 -0.087032073
14300.723 -0.081022719 0.26606344
1996.0835 -0.12097759 0.28780671
12391.732 0.042799052 -0.2729018
1035.9306 0.26480497 -0.1078935
23043.81 -0.2771116 0.051889563
413011.87 0.1037753 -0.016294477
7854.0303 -0.088425496 -0.18288028
15726.426 0.0065311242 0.22617207
24931.58 0.18578314 0.082500757
34478514 -0.0023034161 -0.049411892
8670.485 0.26129107 -0.14212094
15029.91 -0.24763805 -0.14209297
64403.938 -0.14549896 -0.02474965
1129.1556 0.23659247 0.087590621
6316165.7 0.043634182 -0.0066352829
28812.016 0.28250879 0.018241436
462614.94 0.13658306 -0.083120849
87917.167 0.15101863 -0.10212588
45215.12 -0.12136908 0.16557775
1618859.5 0.088443409 -0.022350928
10260.89 0.14479967 0.2582448
777.33699 0.21008312 -0.20906278
2375.0662 0.21937822 0.20575125
5015.3936 0.1228579 -0.23698759
13594.506 -0.30088403 -0.094633306
1023.8112 -0.26642685 0.097004052
898.44458 0.2262633 0.21428397
8462.237 0.15493205 -0.18529329
553868.34 0.081161027 0.049808625
79255.528 -0.10448345 -0.23461646
3609.7964 -0.21177967 0.2311696
88202.966 -0.17080965 0.13738661
67064.04 0.076728545 -0.17040296
178210.17 -0.080472725 -0.10572286
1954.6263 0.13537315 0.22087316
5378.0186 -0.12976471 -0.28331441
206686.35 -0.049569534 0.16307641
5349.6223 -0.14856592 -0.26961935
351735.1 0.12465779 -0.04789944
413627.04 -0.041761498 0.1116766
1778.469 -0.25164977 0.079984085
13665.327 -0.21617732 0.1987807
10488.4 -0.25693951 -0.12533597
144.52108 -0.21387357 0.094494574
1673.4719 0.10504469 -0.20139224
8754.1547 -0.13454407 -0.27029752
1260.8585 0.24701592 -0.093731227
247970.28 -0.094497361 -0.1088241
504.41611 -0.2597502 -0.059508023
15325.484 -0.087889568 -0.17467318
10234546 0.033167877 0.048678748
7063.1316 -0.19817829 0.058152057
7677.8205 -0.068064618 0.18645323
135384.63 0.11393654 0.10391018
13187.876 -0.28304347 -0.0045763494
14157.134 0.17848586 -0.045012577
16982.984 0.089599076 0.073010396
9051203.1 -0.051255165 -0.044080344
27215.977 0.19553695 0.048749666
38993.696 -0.03248054 -0.1907569
461679.85 -0.12134025 0.070510148
6947.0711 0.29119948 0.069432835
247781.87 -0.03685657 0.15445556
5072.899 0.24449884 -0.075125607
107980.33 -0.14090268 -0.05996422
8732740.9 0.045648132 0.010902053
5123.5996 -0.15617006 -0.26467225
218778.25 -0.14076079 -0.11266028
5518.5171 -0.19646966 0.21833653
42797.139 0.21829792 0.00038970332
45179.36 -0.029480144 0.22995158
36339.729 0.10072511 0.10671311
17020.917 -0.20134894 0.11681478
8126.618 -0.021910892 -0.29218379
27087.408 0.20820591 -0.0017410039
44232.958 -0.15761487 0.033480375
1859.8096 -0.068568917 -0.20283311
246780.58 -0.13471177 0.01263938
32155.876 0.20902641 0.10052783
154081.17 -0.08994739 0.13404751
9411.3248 -0.095682669 0.16425175
100701.44 0.18704686 -0.10323295
399777.91 0.081714547 -0.091759047
1186520.1 0.099781997 0.01792575
76279.748 -0.19506606 0.15620305
22894.545 -0.14845868 0.23636502
7948.293 -0.079129264 -0.18134183
24776.756 0.21168554 0.10775737
1005408.3 -0.020455861 -0.094448877
2762962.4 0.074886866 -0.05608404
25430.362 -0.044231938 -0.23806627
54271.738 0.17017468 -0.059534991
1485741.8 -0.051796891 0.037683186
74239.322 -0.17080051 0.12738138
11008.038 -0.28713428 -0.12214148
39492.694 0.034598396 -0.19046622
141572.79 -0.14042821 0.077849455
6870.9399 -0.1215836 0.22826796
9205.4866 0.11180327 0.29238879
39277.949 -0.16992802 0.20739557
67204.935 0.047808116 0.15927147
193821.4 -0.16522305 -0.020474186
18858.592 -0.055760971 -0.27590795
18963.699 0.28358183 -0.035207758
9521.6902 0.14454772 -0.18181977
13455.849 0.30042952 -0.040710581
22722.633 0.20304572 0.14640785
41475.904 0.18358428 0.12197742
44254.067 -0.1722488 0.17693938
61328.234 0.14737923 0.0169669
9778.6053 0.051661121 -0.26744898
6583.3675 0.11514336 -0.28779661
1509.6681 0.16769415 -0.19719597
71953.766 -0.0103961 -0.16399471
675866.76 0.041643474 0.1049281
1519011.3 -0.085856178 0.040391653
13745.715 0.29595889 -0.042973394
6580.4424 0.10775386 0.21499576
2299.1931 0.12465011 -0.22455199
15525.681 0.16497039 0.16140169
11133.603 0.072709784 -0.25365356
69622.882 0.18440521 -0.096660578
533962.26 0.017593431 0.13198811
8274.2933 0.30534923 -0.005002565
245656.19 -0.10332896 -0.11408943
83765.557 -0.19877666 0.016429259
44546.742 -0.18375669 -0.021297305
3143.8111 -0.19556672 -0.203658
19458.011 0.19395174 0.033519874
10135.349 0.28601492 0.089984134
77965382 -0.022742215 -0.00010696682
126835.17 0.059954637 0.13626683
437.65984 -0.26042987 -0.06602747
44140.956 -0.061972023 0.22995301
78931.079 -0.14849074 0.12569463
477523.11 0.12424972 -0.079054288
11996.142 0.25480007 0.17038317
17018.044 0.14442081 -0.25394261
7447.4353 -0.28620183 0.074311086
11601.089 -0.089624911 0.21505883
117695.91 0.011391945 -0.19432428
2570.7617 0.23491734 -0.15580328
603.71231 0.25223454 0.074597052
3240.196 -0.29970832 -0.075903222
237765.47 0.0074751743 0.16382325
22490.526 0.05876401 -0.23772476
2457.227 -0.16579359 0.065251265
133809.05 -0.1248999 -0.024917003
9801707.8 0.044020149 0.017683947
7055.4678 0.1643853 0.21370788
2194.4069 -0.16937672 -0.1375272
11568.507 -0.29187264 -0.11969668
12022671 -0.017603829 -0.060794212
48643.046 0.20535024 0.070422829
33079.797 0.23385886 -0.13026446
17805.519 -0.21586929 0.13835624
135912.69 -0.13167276 0.063089856
18661.305 0.0074394515 -0.15445383
277812.04 0.15335766 -0.022608411
6354.0034 0.17026241 -0.25900789
63911.539 -0.035840675 -0.12438735
46561.25 0.1586355 -0.15618612
60994.116 -0.040778392 -0.18800684
37336.529 0.16142535 0.13082963
21360.084 -0.17639714 0.25179047
78995.844 0.0037911593 -0.17531249
3287.3018 0.2911093 -0.096533691
35672.325 -0.11865938 0.16437916
157306.37 -0.10144069 -0.10490483
5835.6998 -0.26563713 0.11470725
1572.7754 -0.27612793 0.1136548
15325.753 0.098332378 0.079369691
655336 -0.01193142 -0.11055832
19387.411 0.24052183 -0.0011327539
11007.77 0.12180998 0.23047797
1151399.9 -0.074003309 -0.024934701
2874.8495 0.23112825 0.1856988
7061.9882 0.25157752 -0.17053937
103966.23 0.1292998 -0.12644033
9462.3786 0.27982589 -0.13017838
468839.9 0.0072885857 -0.10109544
18962.685 -0.021387317 0.27235708
10468.968 0.14006127 -0.22408887
776.67635 -0.29276286 0.1047895
149.8657 0.19190022 -0.21262295
402026.67 0.016009755 0.14500352
18394.809 0.16705834 -0.14018129
13592.325 -0.19921088 -0.041897739
10021.417 0.29913629 0.07458853
4720.5396 0.19771176 -0.15351557
250029.72 -0.04951669 0.15854629
279989.83 -0.11876765 -0.059680148
56139.833 0.050701646 -0.18748409
902117.42 0.10197484 -0.069054941
30793.557 0.072540376 -0.1948114
194479.93 0.14466657 0.064028322
41262.291 0.1650576 0.12831916
35677.142 -0.0080639801 -0.22882701
142588.61 -0.0027710616 0.17353928
48274.163 0.11574983 0.078099624
188.74597 -0.16714483 -0.15349844
7958.7849 0.24666976 -0.10886784
3604.9995 -0.1586054 -0.26884856
5750392.4 0.037168775 -0.012001929
34046.698 -0.068081086 -0.25106662
94065.513 -0.11789043 0.18128448
4387.0838 -0.19891893 -0.064961435
30138.411 0.035232628 -0.25445635
6408.8079 -0.26131446 0.1353485
5152.4535 -0.2399023 0.052472412
42130.734 -0.18423261 0.18228531
32986.398 0.20369247 0.15716199
14568.378 -0.18873604 -0.11500202
1692.2065 -0.16156237 -0.14384115
30715.719 0.019380224 -0.15805422
32266.207 0.22503354 -0.04600506
66329.747 0.042181673 0.17051205
764.75287 -0.26736274 0.14910702
881.33424 -0.19373099 0.072805693
10572.899 -0.21055366 -0.12152862
639682.22 -0.072881479 0.080570913
14092.796 -0.19588423 -0.114842
15387.81 0.036628925 0.22367569
665002.91 -0.092251093 -0.042169105
9603.7283 0.068254957 -0.30822159
2568.6653 -0.28391308 -0.044259297
55006.697 0.095445722 0.06651232
18971.33 -0.13510741 0.21970856
2740.231 0.12420258 -0.2269729
63675.06 -0.16479765 0.11618078
122984.46 0.19398493 -0.11611532
21240.328 -0.17881576 -0.050044076
78719.939 -0.17307283 0.1436558
25509.395 -0.089595441 -0.24811475
103996.29 0.13576993 0.035931146
5998.103 -0.19136695 -0.04893975
7990.1967 0.20910809 0.13556022
21281.89 0.2507714 0.15582944
91243882 0.025668249 0.0082715142
8021.6361 0.19313529 -0.16623701
114152.37 -0.12944716 -0.097756623
1962.1103 0.3037706 0.056013177
15717.739 -0.023332159 0.30386395
3660.6097 0.053107703 0.23995204
2795.1017 0.13900617 0.2694756
2159.2195 -0.18957884 0.060650025
474674.11 -0.012850854 0.1273538
2171452 -0.080140031 0.032843705
3334.2927 0.23226267 -0.072890644
5240.3746 0.25119796 0.13141194
1143585.8 -0.0060918422 0.10682401
11614.328 0.21591777 0.15462318
8435.1839 0.028016532 0.29383229
14810.118 0.13314872 -0.15474634
57491.731 0.051088065 -0.18338564
5750.6549 -0.16205036 0.067643723
239536.3 -0.07094265 -0.093087098
19949.673 0.14652757 -0.14556476
29009.404 -0.093266826 0.15176656
233327.37 0.12586669 0.10228039
4503309.4 -0.07029021 0.01126944
97469.411 -0.15719653 -0.029838732
33513.363 0.24983756 -0.039166651
21398.323 -0.070588685 0.25831369
4480.2675 0.11492237 0.2115079
586235.6 0.012346946 0.12063587
5534.414 -0.10957421 0.22009889
2834.6372 -0.26863167 -0.084792015
11955.8 -0.27315521 0.074171796
5974.841 0.21180171 0.13520681
6561.0554 0.29177755 0.061422501
2776.5297 -0.054659324 -0.21466077
25658.55 -0.053279309 -0.26094554
3922.1633 0.038025764 0.24583915
11221.124 0.28967981 0.040795028
18054.845 0.11495588 0.19421799
5333.3023 0.21704133 0.19037182
17754.213 0.010851311 0.24934813
9857.3421 0.048236034 -0.27947249
19052.695 0.22940743 -0.13767645
11274.666 -0.26572044 0.019087242
4391.1039 0.25548774 0.18296806
695316.71 -0.078029101 0.065421965
27588.046 0.059863758 -0.14850459
19113.107 -0.24794949 -0.030097752
7930.3701 -0.10112475 0.26372718
16879.429 0.12899955 0.13315481
13212.896 -0.21718558 0.032118124
432478.56 0.053297489 -0.072799359
15197.023 -0.24930751 -0.15009591
12112.448 -0.1958881 -0.028688818
21516.958 -0.034770433 0.29171981
5377.9372 0.23103834 0.18031575
4031.676 0.27959533 0.098375222
697.13965 -0.18262716 -0.16710718
6056.0873 -0.15980875 -0.25224835
26225.046 0.097655739 0.12532216
13755.762 0.019410359 -0.12138341
20256.347 -0.16314377 0.23893861
266624.38 -0.043117325 0.15422906
61232.657 0.12688487 0.15797113
415083.98 -0.0038681759 -0.11261352
225693.9 -0.017891607 -0.11921682
5647.7204 -0.20448771 -0.069753593
10557.251 0.033066989 -0.31325832
4284.084 0.24287579 0.044540558
178589.44 -0.072779869 -0.089919862
1.160109e+08 -0.016468374 -0.037767628
24684.341 -0.063514485 0.25291131
7880002.7 0.018682705 -0.064248565
896948.79 -0.019859969 0.1083657
40346.938 0.052854176 -0.17417238
19294607 -0.0087463611 -0.057490486
3675250.8 0.052390693 -0.020831976
254065.72 -0.051279473 0.14121695
117186.93 -0.074417264 0.14871186
1740969.5 0.086442509 -0.0058836506
15975.451 0.079598226 0.1909942
2196.4791 -0.2754928 0.11888275
1523.0578 -0.30289237 0.03375321
132939.52 0.12500225 0.089690715
7786.2405 0.2052003 -0.17538302
51480.915 0.2289874 0.025144272
8328.2645 0.22011027 -0.17077898
3598.8876 0.27778572 0.12772
14737.068 0.066830689 -0.297156
47713.259 -0.15012065 0.18022258
76506.317 0.0025150131 0.19089277
50593.318 -0.23178119 -0.013576474
10257.733 0.1297615 -0.25768922
125704.02 0.097844959 0.061022612
39149.361 -0.1746697 0.11813963
1807367.4 0.067890149 0.043230681
55380.466 0.050095465 -0.18613063
3888.4475 0.056180157 0.29578215
5779.3351 0.13598202 -0.28199458
13685.445 0.10661373 -0.26617302
20265.456 0.27902803 -0.074593285
14555586 0.017186442 0.062675923
89989.978 0.11454263 0.089643782
2455.6032 0.042679857 0.29695858
24298.739 0.19262172 0.031271754
2398.9296 0.19571831 0.23920259
41849.645 -0.1193135 -0.25418623
173348.15 -0.07432926 0.10925212
22674.838 0.18807638 0.082202012
446225.59 0.056379138 -0.078751083
5456131.1 -0.06355537 0.014495668
19671.8 -0.12202329 -0.19322979
9603.8026 0.00098315883 -0.30801001
1116.9593 -0.29714701 0.024125405
7530.2656 0.032977924 -0.14581278
1947300.1 0.06016839 0.044629535
78035.71 0.025411237 0.20327497
11375.66 0.12234491 0.23343044
9724.9939 -0.056141001 -0.1991646
22025507 0.035705031 0.0082720469
22145.298 0.042761939 -0.30807251
23376.45 -0.081215199 0.20941477
502.33148 0.26758797 0.10232128
14993.976 0.30699948 -0.035280551
437071.91 -0.11554696 0.094117131
3544376.3 -0.031220651 -0.069342439
6198.7921 0.2416829 -0.20173994
61304.613 -0.12968988 0.1605811
1855639.1 0.098048491 -0.048171106
25444.566 0.046804356 -0.29715418
4600.362 0.24362229 -0.15089029
386583.28 -0.02316138 0.092714598
1998329.4 0.038317987 -0.036301552
12414.484 0.026712211 0.244278
65200513 -0.024264134 -0.041879046
1532.0261 0.2490695 0.057590091
81537.011 -0.15846708 0.16247806
1261204.1 -0.093243938 0.0069846117
321722.54 -0.064555425 -0.11671261
2170221 -0.050166013 0.083971024
446694.25 -0.043350986 -0.09282825
13250.879 -0.075161715 -0.26856405
476.59443 0.13461634 -0.19932992
18424080 -0.0092038594 -0.058598054
1992.5035 0.2690019 -0.093644292
33760.543 0.22347722 -0.048166535
6821.1392 -0.21977607 -0.16892563
8618.9468 -0.26428342 -0.16842651
423488.16 -0.11807971 0.064755132
4554.2057 0.15097088 -0.18866965
6862.024 0.2296341 0.051204824
148792.51 -0.15041752 -0.10876786
274.64997 0.24354961 0.081611068
119672.89 -0.11844563 0.019414685
6588.6628 0.28892533 0.10608732
25384.699 0.23427014 -0.11224877
8301.1857 0.22611745 0.1038845
2973.3565 0.12128609 0.21290516
186312.39 0.15291265 -0.092350577
10658.125 -0.13061473 -0.26891862
32416.952 0.048949823 -0.24298245
115177.38 -0.13861905 -0.046773987
162221.12 0.077247082 0.05852214
2120664 0.070325522 -0.055036877
38511.576 0.21383364 0.02585838
3635.4325 0.23834618 -0.075006026
21289.039 0.030400668 -0.26233842
7005.5562 -0.13155257 -0.2097509
22893.74 -0.040190403 -0.1959161
16225.737 -0.12960625 -0.17023331
5447674.2 0.067428279 -0.02237765
27546.13 0.18588187 0.1149504
4286.6083 -0.25076113 0.049403796
5919.9063 -0.25874582 -0.041630367
8490163.6 0.043932474 0.029020374
33174.994 0.063835997 -0.15258477
1508.8598 0.15149913 -0.20057584
15884.437 0.24993357 -0.13356773
1661180.2 0.067830213 -0.048747067
32628.399 0.22473913 -0.04644496
5057.6765 -0.17913661 0.10033
23988.094 -0.13953782 -0.25010621
505590.18 0.13563697 -0.065980591
23674.669 0.10151687 0.11677878
20910.601 0.1732248 -0.14854955
14193.373 -0.13987434 -0.26388564
33789.254 0.1896694 0.17705824
46825.75 -0.22261176 -0.04162608
16100.231 -0.029664769 0.30974452
2459.9237 0.059281044 0.27698015
485.49105 -0.15277476 -0.21730189
28214.659 -0.1271914 0.15172368
418389.17 -0.10353208 0.063543564
76663.219 -0.1442046 0.15833849
2.1120606e+08 -0.0083081618 -0.00050232536
28806.139 -0.046753656 -0.24884495
355018.47 0.0052702476 0.15917942
4660.2724 0.24005587 -0.20379017
1276.2211 0.17091818 -0.19796013
25714.085 0.0016359317 0.22265547
9784.7664 -0.21380097 0.066695843
672114.84 0.0055713293 0.14199443
335027.56 -0.022523858 0.085528282
16908.759 -0.2552923 -0.15255334
288836.92 0.14948652 -0.035982633
10916.573 0.1088156 0.29089863
27872.43 0.17304679 -0.15384937
2357305.8 -0.090432429 -0.0018568707
76956.274 -0.19667856 0.15427527
8910603.6 0.069901156 -0.0049236885
26800.82 -0.11125059 -0.0835459
3484.6574 -0.16305271 -0.13886032
11733.673 -0.23719448 0.19117666
449406.85 0.00073682773 0.089856819
949448.29 -0.091875568 -0.051211349
6768.7796 -0.17289999 0.092633711
10908.858 -0.21240719 -0.11508175
14247.547 0.24605792 -0.064937314
18380.454 -0.24668403 -0.015309434
3796.6424 0.1791876 -0.24971399
30447.689 -0.051721108 0.21149873
4368.5017 0.15187744 0.26657642
99996.107 -0.1398052 -0.12891247
74788.467 0.087027835 0.11351077
29113.859 0.1756096 0.17876694
8068.7317 -0.22842694 -0.085968847
481429.6 0.11823719 -0.076932279
33703.801 -0.17937969 0.19935807
64751.64 -0.18713117 -0.090886826
330026.84 -0.009734526 -0.11670006
1637.5178 -0.17096718 -0.21757618
14463.106 -0.29289935 -0.10544695
17770.314 0.094190462 -0.2589504
314073.57 -0.070057904 -0.11113976
5363.8541 0.27697634 -0.090248577
34637.871 0.094212894 -0.23275819
2130.1293 -0.18220124 -0.13808879
21450.165 -0.11152881 0.25165272
3487.6799 0.15771226 0.21993133
10319.263 0.21625381 0.11632857
14130.935 -0.22609453 0.19162217
1406.475 0.11486789 -0.18385364
876.30426 0.17805757 -0.19874901
1435923.7 -0.051849766 0.038486285
12623.184 0.021147936 -0.22782101
3237261.8 0.017179114 -0.081379646
13600.846 0.29703547 -0.0037240654
151894.2 -0.15543 -0.0095201449
4443166.4 -0.071818344 -0.0054148997
4490038.7 0.069959472 0.019554763
8615.8337 -0.066703857 0.18515638
8828.029 0.15936729 0.23784322
3.2343646e+08 -0.010719972 -0.028210423
118703.33 0.12356164 -0.11433602
16270.987 0.1513101 -0.25424536
13703.912 0.14626137 -0.22178238
23428.441 -0.24120914 -0.10580844
24608.018 -0.16379698 0.037144583
12388.914 0.065854644 -0.24807114
67951.608 -0.11454222 -0.24292751
5612.3208 0.17189146 -0.22867981
27949888 0.028392674 -0.0042001905
3415.375 -0.097730562 0.24285601
45689.627 0.13079197 0.15510971
670872.72 0.00077107525 0.14146499
9698.161 0.21221348 0.14526111
1985.8533 0.13561742 0.27858213
58661.25 0.16039174 -0.10692319
39966292 0.032894423 0.011588518
19657989 -0.042428796 -0.044895205
334477.14 -0.090330118 0.068029409
25261.363 0.069217948 -0.23015694
41882.991 -0.20233362 0.028597946
10351.848 -0.26558884 0.022777087
58105.247 -0.19963966 0.027273359
53011.166 0.20857435 0.058614725
65190.491 0.097334978 0.16968057
636006.74 0.11624415 -0.055343234
4115.6199 -0.31041981 -0.012915912
37342.915 0.0037921455 -0.24122592
6021.7669 -0.056100074 0.30415248
245677.81 -0.13723279 -0.11661758
30579.41 -0.057379811 -0.25611762
21229.221 -0.21019538 -0.15364802
47766.643 -0.068349549 0.20833366
35747.527 -0.0077169694 -0.24031036
49693.995 0.19416972 0.15675649
13602.579 0.30222865 0.0061994793
46587579 0.023395685 -0.024483921
10531.635 0.21939846 0.16938971
443809.25 -0.0085996927 0.081674354
53278.006 0.15583934 -0.16603986
132.17754 -0.15591174 -0.17274007
573591.48 -0.0068722141 -0.11082179
117598.24 -0.025769805 -0.14079157
57618.765 -0.22652112 -0.01940403
1207397 -0.001865179 -0.09607717
5443.0728 0.067390557 -0.27082752
11187.508 0.22702345 0.16964256
47763.35 -0.016172828 -0.20699949
2.9871726e+08 0.0068104842 0.0073040861
557.79519 -0.19179697 -0.17729273
145190.58 0.094098673 -0.15968649
163305.17 0.069485992 0.080152396
1.2616097e+08 -0.013976333 0.027764293
22475.834 -0.012863424 -0.27264209
883676.21 -0.022417956 0.073698136
10567.153 0.12382026 -0.25763861
111800.38 -0.046661978 -0.15623585
27349.933 -0.054426637 0.18074501
141958.09 0.045333236 -0.12783652
158942.18 0.036749858 0.14041356
1219.021 -0.29807835 0.022081531
36846.066 -0.17757165 -0.035590526
55486.908 -0.19358039 -0.099362628
21272.119 0.28135483 -0.0078060979
7062.1534 0.2350181 0.17855152
28934.758 -0.042672388 -0.24214647
14328026 0.016159001 -0.054872302
1885512 0.037321541 0.076677612
9516.1926 -0.098099811 0.1590529
2063.9654 0.23523759 0.12448071
118726.07 -0.1172091 -0.14043673
2508.2103 0.23148573 -0.16185893
29677.505 0.021396089 0.21418397
6057.1528 0.06259565 0.28283909
53500.029 -0.019463005 -0.23813748
24177.968 0.028069419 -0.20322383
53619.656 0.26049963 -0.035689697
13412.72 -0.29933955 -0.0080146354
64161.095 -0.064518237 -0.17615254
859568.96 -0.022218405 -0.096746964
101287.45 0.13140661 0.026433934
449840.52 -0.02628256 0.095163449
1889202.2 -0.03545112 0.061093428
11973.088 -0.15606748 0.27469487
2847.1322 -0.21099295 -0.22043768
23789.87 -0.20537203 -0.14780081
36706.843 -0.13793969 0.25222427
224703.07 -0.095638339 -0.1468889
446620.19 0.013085058 0.10502211
12561.591 -0.13138027 -0.21942178
939.96327 0.18383126 -0.22920949
3137.2355 -0.15786303 -0.27056533
49068.838 0.0057349128 0.20419728
9834.3752 -0.253593 0.11307826
10152.412 0.29664656 0.033769921
35979.868 0.24991435 -0.012371114
1803844 -0.039838376 0.071080894
17143.238 -0.23989316 -0.13600188
516018.89 -0.098805704 -0.047515371
9248.18 0.057564832 -0.258729
4835.1015 0.063420302 -0.26678227
9144469.6 0.0067646729 0.066696864
75964.538 -0.11431815 0.17764604
14065.453 0.21921381 0.091759478
178805.33 -0.13832089 0.10766441
235876.42 -0.087084818 -0.12216649
87507.86 -0.064443894 0.16392278
212547.12 0.13691754 -0.095244554
11255.761 -0.078227456 -0.27187885
166591.61 -0.15978935 0.012538413
7190.1181 0.010522797 -0.29756991
11259.451 0.14545229 -0.27026339
32922.401 -0.052717645 0.21182382
47508957 0.024120322 -0.012036695
7585.7158 -0.30203398 -0.016454479
144936.58 0.085004024 0.058285565
1161.1792 -0.27013 0.14399036
29282.925 0.29659581 -0.072163987
238286.97 -0.0044530614 -0.11774247
440.42893 0.049686843 0.27031582
702648.19 0.06355404 -0.0777144
17374.428 0.070023852 0.18632428
818110.67 -0.024492915 0.074059255
63542.768 0.088898602 -0.17161465
11363.796 -0.084166573 0.18428891
1134.1394 -0.29328829 -0.069617382
37609.414 -0.10641711 -0.18511609
12178.126 -0.090779243 -0.30268784
23228.408 0.20466681 -0.036012397
13977.276 -0.18876563 0.20654611
57413.94 -0.097848078 -0.22903113
3515.6092 -0.17464832 -0.23748931
83536.154 0.19289331 -0.12818963
27342.411 0.2043435 0.0047322491
11000.484 0.13170176 -0.27183694
11060.875 0.00491012 -0.29367782
19171.699 -0.20404458 0.042956977
42702.271 0.25200045 -0.030322857
5152.3785 0.18370347 0.2347621
71095.271 0.041118548 0.19016609
1958.0679 0.28740871 -0.11193415
10377.823 -0.30290188 -0.008247786
5678.5836 0.21991527 -0.19608719
159026.43 -0.080305672 -0.12536748
28356.175 -0.14828734 0.21564975
25271.214 -0.089038822 -0.2476678
32967.18 0.010486332 -0.23699341
200341.94 -0.11271733 -0.11979127
101704.83 0.022626739 0.17243074
174.71385 0.25992267 0.093600017
11487.553 0.15598737 -0.13652601
3323809.7 0.080883612 -0.046863178
14328.295 -0.25244094 -0.024263578
7741.1516 0.14477687 0.23214739
101.17116 -0.16682657 -0.19399885
6082.1816 -0.1954711 0.2415705
700599.13 0.0016802277 0.13560488
25749.813 0.23180089 -0.13449693
151096.51 -0.15644149 -0.0082764395
90612.232 0.15954531 -0.098841419
5182.7591 -0.25657045 -0.18421366
32554.185 0.22355505 -0.038232425
51300.157 -0.11391225 -0.22249644
12161.981 0.24998681 0.020754284
8761.9971 0.1968577 -0.018212304
803.83709 -0.30505519 0.028678165
3345.8247 0.19240935 0.24025356
117944.39 -0.18953106 0.14068402
48160.511 -0.069129787 -0.170457
7038.0457 0.16264472 0.23655463
299895.05 -0.060789243 0.13615597
12067.819 0.081915068 0.27569829
3124.5604 0.27173114 0.124887
150762.59 0.071044121 0.13911533
139785.46 -0.060022054 0.16207266
30176.993 -0.097673781 -0.21434313
256899.89 0.11519987 -0.024991843
171026.83 -0.13231666 -0.10262307
15550392 -0.00044178707 -0.069055306
2537.9957 -0.20463196 -0.23923523
63489.873 0.13690985 0.015034233
41581.866 0.26478981 -0.050738688
116132.42 0.063417844 0.1595238
118537.81 0.12990604 -0.11579533
199945.97 0.14496944 0.063181282
3513.4121 0.29920147 0.060365425
316548.35 -0.13938937 0.0083408121
16714.285 -0.072402747 -0.18184488
36828.212 -0.12478024 0.25799513
14306.785 0.16243365 -0.23734444
10640.448 0.15750092 0.17418586
959.5 0.067837284 0.26291869
92209.258 0.14553878 -0.10309279
52951.071 -0.11207769 -0.16481179
3202.5132 0.094206081 0.26314207
11461.679 0.28333127 -0.085640246
8909.9586 -0.03251951 -0.28747051
7142442.3 0.052249884 0.027905697
22215.794 -0.20895223 0.052389132
1812.942 -0.2469069 0.099951002
5482.8842 0.023658295 -0.1451152
169.67126 -0.15697283 -0.2098334
35826.895 -0.085815817 0.15446515
24452.04 -0.074220893 -0.24385609
176079.76 -0.12365693 -0.10747201
19838.42 -0.1873174 0.11406127
93916182 0.0099481402 0.045530617
49838.372 0.2668015 -0.032702112
21877.47 0.07442666 0.20653136
78172.506 -0.067360123 0.16125835
49850.726 0.10523441 0.094910351
73007.79 -0.13348458 0.17296303
27081.414 -0.20437143 0.16731596
31648.049 -0.11863794 -0.21538709
76470.777 0.050651793 0.2019547
8256.3902 0.16410258 0.1898833
6426.1272 -0.098399665 0.30024678
123488.33 0.14427441 -0.0053442514
90122.597 0.043289099 0.15922071
11691.714 -0.30119066 -0.0088600216
46813.23 -0.023987143 -0.25614753
2161.7979 -0.20919628 -0.2354376
2234858.5 -0.058126493 0.061111609
13331.403 0.030035678 -0.20755529
10127.493 0.10800161 -0.17640971
23788.415 0.039525709 -0.26351886
475644.81 0.022103096 0.12972214
51710.567 0.053088537 0.16498004
30065.167 -0.071128892 0.16866352
585875.79 -0.094087467 -0.035193259
61823.01 -0.22647633 -0.02977357
7974.7123 0.09368879 -0.28151345
4592.1205 0.14745153 -0.18777258
47798.948 -0.12039181 -0.24899087
424800.89 0.14554591 -0.063836317
44327.813 -0.13945549 0.044505093
15571.206 -0.30904573 0.058371343
45489.431 -0.11499147 -0.22029435
2177.05 -0.2352102 0.10859832
29694.572 -0.023840855 0.2609698
236458.75 0.15533317 -0.070310187
265884.22 -0.11119893 -0.036916928
1.7111013e+08 -0.0069211468 0.037786357
8262865.3 -0.0031353447 -0.077224518
1159.3207 -0.1751995 -0.13977087
18725.137 -0.08190818 0.2846097
18928.94 0.21840675 0.050770947
101870.69 0.066249018 0.16647452
370.92736 -0.19271242 0.092331715
11168.702 -0.2612487 0.12143575
17878.993 -0.19407669 0.19881404
2490.7931 -0.20775565 -0.20858883
133593.58 -0.033184051 -0.16364755
751.20041 0.1487804 0.20556725
91161.157 -0.17219536 0.02471635
29263.156 -0.21099933 0.13372796
5101.6562 -0.27646961 0.081245017
38177.077 0.046627079 -0.13997617
8801.7595 -0.082571242 0.18201151
137.56948 0.19204183 -0.21924816
18051.666 0.039575286 -0.15917777
1107670.9 -0.068556013 0.074322161
24922.269 -0.00028316281 -0.14341689
4107.2853 0.21660695 -0.078971774
1112789.6 -0.0069170457 0.11012979
8088.8307 -0.16889469 -0.2535327
1851926 -0.088608657 0.0052632832
34095.735 0.20848612 0.074102268
27398.961 0.0060790812 -0.25193859
15290.773 0.24542489 -0.11516411
4555.9621 -0.18152641 -0.12510395
7519.7955 -0.20663213 0.1139959
59021.464 0.16821522 0.067784042
654219.48 -0.09223453 0.089305179
5559.1558 0.10131906 -0.21017409
2397.674 0.057866592 0.27885268
22413.298 0.17818753 -0.15375952
1218.5416 -0.20837686 0.10406873
61736202 -0.020992398 0.028901997
95290.735 -0.10986815 0.18265608
14424.477 -0.24871008 0.12519733
53872.95 -0.23025831 -0.019509075
498539.75 -0.077222984 0.084621331
7179.5099 -0.015862962 0.31290886
8645.2755 -0.23272259 0.058552732
44359.948 -0.14601649 -0.034813272
902092.39 0.10007599 -0.078591162
8162.7121 -0.28028335 -0.036481261
19511.383 0.30596909 -0.075706308
34209.716 0.088851456 0.29354084
33983.235 0.074784848 -0.22676511
1231.8718 -0.21855118 -0.2242222
39721.303 0.21261583 -0.11110686
44680.613 0.10113737 -0.16956056
16265.861 -0.12819757 -0.15456684
111815.21 -0.19459703 0.14425678
4772.3689 0.17043788 -0.22000759
26133.089 0.050792205 -0.22842475
5414.3828 -0.18855012 -0.24237366
15482.309 0.1030595 -0.25916312
16188.297 -0.24114433 -0.13934099
15702.039 0.057218807 -0.2495975
27763.509 -0.14043292 0.24069914
29391.303 0.18664183 0.18066823
55328.78 0.14652952 0.099766043
67099.965 0.094440808 0.17004291
91139.674 -0.15320528 0.16795399
1128.1117 -0.15547334 -0.22716886
166499.23 -0.12570827 -0.01809566
10351.106 0.2108712 0.12004693
5911.6647 0.083599252 0.22597318
61929.009 0.098233371 0.18616799
12457.156 -0.29041239 0.061934389
11016.3 0.16151319 0.24666781
76440.497 0.031367542 -0.11019691
6476.0237 0.22502257 0.087837055
60094.504 0.20416609 -0.12609218
81288.161 -0.032474221 -0.12181183
10743.397 -0.26661367 0.013780256
41128.965 -0.011682524 -0.24235051
5042.1422 0.22122816 0.1828202
31957.61 -0.12754084 -0.22988399
23541.131 0.04205295 -0.29368757
204197.75 -0.13944058 -0.0089013523
11668478 0.05590479 0.006140365
13878.005 0.043972402 -0.14587687
3642.6148 0.24234448 -0.16753995
18085.979 0.10257606 0.23811324
39441.094 -0.12672721 -0.24288428
65829.789 0.11123885 0.1565078
13159.323 0.055782038 0.2319054
6796.1411 -0.21952845 0.069672479
2314583.9 -0.080015877 0.014333525
14199.655 -0.28136929 -0.0095086659
29529.311 -0.16990046 0.03689023
1124.0605 0.12860304 -0.18605761
2435331.9 -0.056906379 0.072597155
19650.715 -0.060416232 0.24543794
6993944.2 0.013501581 -0.074083365
7123.599 -0.23853079 -0.20629614
15598.557 -0.086249708 0.20931572
15344.568 -0.14476096 -0.25933822
44282.379 -0.11339915 0.20566473
7853.3841 -0.24052577 0.16073487
17217.146 -0.056244839 0.199058
18780.603 0.24109978 -0.11355616
11342.962 -0.28462898 -0.10965926
1990.5291 0.18249023 -0.19260159
46167.351 0.14102247 -0.12569391
911730.22 0.10521406 -0.061765305
20724.509 0.066606926 -0.23613931
2051074.1 0.072123895 -0.037399695
3575.6581 0.13691746 0.26663458
45440.812 -0.23609729 -0.034964142
259.21844 -0.26896704 -0.066294901
194833.01 -0.076526392 -0.11652609
19842.023 -0.032511767 -0.27512474
2594.4335 -0.1701532 -0.13593628
11386.229 -0.14094596 -0.23515813
16125.389 0.27853636 0.058612729
32937.213 -0.0058395125 -0.23532496
4826.5284 0.2297109 -0.095691737
89.221448 -0.15578223 -0.19449841
1137.2203 -0.3028863 -0.033790711
5374563.8 -0.047996403 0.026960507
1558237.9 -0.076585763 -0.041802581
4713.9425 0.22303929 0.18221963
26194.534 -0.158919 0.21455577
52924.923 0.14831607 0.12859749
34164047 0.020378972 -0.036747188
1496.5201 -0.25427892 0.15982579
14661.567 -0.12561844 0.2707381
6223.7103 -0.02142067 -0.31435238
51576.249 0.10548448 -0.16537592
623087.12 -0.103286 0.042270986
13621.934 0.25868632 0.14243509
9480.2076 -0.27076283 0.076478333
130736.31 0.13570629 0.097781909
41307.426 0.19100519 0.065061101
17288.395 -0.088904174 -0.29616462
31211.64 -0.024630583 -0.20228685
9196.8102 0.26716732 -0.075705028
24137.17 -0.24360148 -0.10695511
535050.59 -0.0025526604 0.082898751
2137.0269 -0.13941716 -0.19559346
45602.529 0.059295127 0.17156491
6649293.4 -0.06693076 -0.00055663777
50866.303 0.16882877 0.06166614
2629.8224 -0.23317663 -0.064003915
35925.291 0.21078442 0.071599221
364.31462 -0.20890406 -0.19085866
11161.812 0.30359979 -0.021686802
19563.417 -0.057406874 0.24762709
30157.154 0.20780173 0.019748689
6212.3568 -0.24905047 0.10885518
7291.3593 0.0093720055 -0.13366166
8302.325 0.15465196 0.26032153
47140.571 -0.10446148 -0.17135381
13093.19 0.15786247 0.24627349
2235.4496 0.11110112 -0.18360092
44575.696 0.18273742 0.035828726
14515.831 0.2635663 0.011259308
1696.4773 -0.18275552 -0.15673001
21796.98 0.074875738 0.21583657
7129.3094 -0.19355001 0.21497308
9850.4078 -0.013383401 -0.31275536
27460.379 -0.12709598 0.20707078
5741.0495 -0.29099853 -0.029604149
13418.496 -0.13793534 -0.23302443
4240.5569 0.23002087 -0.19925096
9824.1104 -0.052761633 0.19226168
5555.8975 0.11494243 0.20582073
60904.504 -0.00757567 -0.16237767
943.54513 -0.30462607 0.03020607
415771.77 -0.067487273 -0.10360449
815384.16 0.023869399 0.088673528
23268.11 0.13875089 0.13465266
21431.232 0.23929545 0.1465707
7253.9721 -0.21409454 0.12032392
184182.64 0.135103 -0.01872061
12672.73 -0.095008907 -0.18814667
2475.7593 0.053220293 0.29093728
72216.485 -0.0098504492 -0.14262397
38568.036 0.10202898 0.14067954
1596776.8 -0.075008245 -0.020296112
3990.4306 0.25174137 0.12916125
20398.569 0.23049729 -0.011774102
12967.586 0.018513339 -0.21731878
270397.47 -0.12521311 -0.0040155703
112871.32 -0.0033608482 0.17833833
986302.63 -0.087886509 -0.045400113
2666.7267 -0.24134232 0.064201385
15219.032 -0.23455511 -0.1254312
532279.12 -0.10899322 0.00079857349
28045.815 0.1483507 -0.17398761
8889.5547 -0.27162536 -0.12115201
221731.14 -0.1013438 0.10868246
1307183.3 -0.084118888 -0.024657784
18860.33 0.20984356 0.1745388
31220.58 0.29875508 -0.059885619
179864.92 -0.13479349 -0.052894221
537.38474 0.26612677 0.093581151
169726.28 -0.15953087 -0.012517016
1505.5606 0.26939023 0.083341531
6587.936 0.11794729 0.20133308
12787.381 -0.1827784 0.2574748
164.30425 -0.30241082 -0.054166646
209740.47 0.044080997 -0.12011637
12202.662 -0.24686405 -0.12139909
10698.108 -0.11418589 -0.27162509
65208.482 -0.20352973 0.13491904
105999.27 -0.12778159 -0.070092079
334021.59 -0.049953254 0.12535436
58611.721 -0.17242648 -0.034729592
28066.284 -0.045612201 -0.24289356
10271.373 0.20617343 -0.024933425
1768622.4 -0.077955526 0.047851583
13775.725 0.083304495 -0.19103341
4938137.7 0.066073025 -0.023553717
20739.34 -0.17956807 0.042605105
5681689 0.045248799 0.035353747
79025.327 0.093729628 0.16539774
1468110.4 0.03748896 -0.058060506
57557.983 -0.12119394 0.17154215
1912280.4 0.03208662 -0.078761909
2.5001422e+08 -0.0025801824 0.032094841
19238.673 0.2785297 -0.021187112
70650.847 0.11155936 -0.13816581
234760.61 -0.10047351 -0.1461475
10852.738 0.13274058 -0.26404183
3191.227 -0.23512406 -0.18736784
15298.696 0.25536709 -0.18057495
3563.7667 0.24066314 0.18448082
31181.439 0.087402208 -0.21944648
388085.91 0.016511687 0.10907975
6126.2193 -0.16139806 -0.25740581
194809.37 0.11888703 0.10347788
58352.196 0.055226352 0.16358107
7325250.9 -0.03791655 0.033256252
1800338.9 -0.0060596054 0.074037711
20451.075 -0.26238122 -0.14714744
7889.9184 0.082422999 -0.28537256
5261.8631 0.25555501 0.13119811
8527.6531 -0.23603823 0.044257601
26892.33 -0.01876429 0.25790217
30023.853 0.22485739 -0.11050809
6258192.8 0.070541526 -0.019587607
1031.3697 0.17507541 -0.20941202
186766.75 -0.13271548 0.10649183
15629.886 -0.048317107 -0.19813082
89652.061 0.035523024 0.19693809
46614.314 0.16888754 -0.12788172
39905.103 0.03290951 0.21363847
52870.764 -0.058676225 0.21556052
26045.779 0.16243642 -0.12656699
121777.88 0.06823347 0.062612848
1090.7432 -0.21283816 0.080909269
91728.675 0.077178834 -0.14533182
2919.9875 0.032856303 0.31075118
6681.1851 -0.03121251 -0.2918415
39328.589 0.079846544 -0.22015511
2978.9294 -0.30205455 -0.026428149
89895.091 0.17076107 -0.1140196
312664.32 -0.10225899 -0.0658211
57538920 0.023118428 0.041783503
35477.656 -0.0081181738 0.20224323
2473177.1 0.076831317 -0.04034162
28596.546 -0.14460467 0.21719622
5053.8659 -0.18032749 -0.22387648
106762.09 0.019184168 -0.19021115
53174.407 -0.12341871 -0.14499932
160322.4 -0.12115049 -0.066507297
455610.31 0.052064047 0.11623726
94786.156 0.12096488 -0.10476419
9573.2975 -0.23306195 0.15290587
43684.385 -0.10536609 0.20382522
42711.335 -0.097985564 -0.086691029
18071.686 0.049359659 -0.29003189
30509.846 -0.23642556 0.018088742
98169.467 -0.068308232 -0.14076811
10413.423 -0.2761353 -0.036163472
29052630 -0.044258586 -0.0046800987
117707.93 0.13929477 0.038840086
62564.106 0.095958794 0.1386343
20468.744 0.1832574 0.088871601
30576.264 -0.10780905 0.20787026
787282.18 -0.027879625 0.11410491
97013.774 -0.13235133 -0.070921785
36484.378 0.17996917 0.081949682
15421.196 0.24606455 0.022025855
4120.095 -0.30173487 -0.023640138
1.8020646e+08 -0.023805809 -0.024983167
96584.601 0.12569344 0.11590103
39757.015 -0.17622872 0.18299503
2154.3521 0.13198931 -0.21544415
88545.794 0.086807171 0.10532611
2033.5714 0.036405524 0.28046887
5742.9385 0.17120014 0.23467065
30075.372 0.072230547 -0.22797132
376469.47 -0.12677867 0.09367056
8732.6561 -0.11522499 -0.27343816
1.8079863e+08 0.01111769 -0.028689961
59430.293 -0.074234119 0.15649474
6117.8842 -0.063036388 0.30069724
28663.412 0.19684206 0.19379235
16640.259 -0.18250266 0.21286654
11830.087 0.20983203 0.19071867
6206.0116 -0.1934629 -0.04897079
13917.854 -0.0013218655 -0.29730516
1227.8819 -0.28054085 0.11807828
13603.544 0.098401086 -0.21974308
27757.065 -0.001955685 0.22789818
5740.0708 0.12880027 -0.17245061
1145.6933 -0.29165701 0.094621302
859.43641 -0.283441 0.11402495
21144.875 0.29305438 -0.05128947
29667.774 -0.20973989 -0.10199411
11665.071 0.22331235 0.1544995
4218.4432 0.200587 -0.18989215
52504.055 0.20811374 0.057717497
38522.258 0.22794817 0.0024638677
614.24091 -0.21610905 -0.18636842
3989.1178 0.20322086 -0.19348396
50945816 -0.036781016 0.0048210768
16143524 0.031441991 -0.0061321345
118124.63 0.12793598 -0.11398152
446.06663 -0.31267111 -0.035175387
4303.6653 0.085330441 -0.29533739
1130102.3 -0.06076926 0.090680991
820552.62 -0.093685414 0.0440201
5063.8552 0.013807533 -0.31147851
18982.383 -0.15254705 -0.13479401
239131.48 0.069868598 0.057402383
9103055.1 0.023464377 0.065017952
342613.06 0.028075115 0.10801323
28209.105 0.15699615 0.09441787
19753.998 0.14170927 -0.23851763
13854.421 -0.1827167 0.21773013
103463.3 -0.17425664 -0.010372548
422827.49 -0.12542124 0.09080143
31150.692 0.17987345 0.043767485
44495.533 -0.16894784 0.17777113
30488.216 0.03633817 0.21734939
85155.658 0.15113964 0.072374734
5536057.8 0.061444933 -0.021013779
78354.369 0.17377972 -0.0017783123
594673.62 0.11270709 -0.070814875
77770.719 -0.13482935 -0.13332053
87873.856 -0.14965387 -0.023744097
396.81497 -0.29938592 -0.045114215
11188.293 -0.27759253 -0.0057097243
18036.252 -0.030808816 -0.27755084
1627005.4 0.043840785 0.093877299
7953.2654 0.18185814 0.24445487
130410.98 0.16541454 -0.015522327
10015.949 0.1423839 -0.18034629
7343948.6 0.04210287 -0.0022656966
1921303 -0.026061647 0.067191072
107.77374 -0.16513195 -0.15684484
13518.237 -0.21806323 0.1649525
2272.8801 0.068964457 0.24204971
40501.731 0.19603252 0.072038423
3425.4351 -0.10850167 0.29327876
12580.815 0.13344263 -0.16796242
11243.382 -0.23840983 0.19119473
18048.636 0.23119695 0.15103515
82123.182 0.084320911 0.094709458
63402.192 0.1052167 0.17410532
217293.07 -0.083844963 -0.077147709
7325.9456 -0.28386895 -0.034723882
35445.128 0.18139203 0.11754149
7379.0829 -0.19126378 0.2469748
13334.865 0.24945912 -0.13785695
20927.304 0.20071418 0.20519962
37836.774 0.13905046 -0.13207558
1656687.1 -0.03913864 0.081420544
14556.108 0.11067407 -0.27458666
46172.815 0.063984468 -0.19543311
19890.45 -0.11057683 0.26058264
47745.492 0.19405254 0.16497779
142463.29 0.014214798 0.16782749
5965.2489 -0.27385575 -0.10539382
31923.69 -0.14648355 0.24813028
9394.5977 0.25886778 0.037528085
16282.311 0.1922457 -0.012992646
30165.641 0.30241445 -0.064699585
7356.1783 0.057981416 0.23615926
10354627 0.032255949 -0.021322835
82857240 0.025103305 0.0057995662
4404.8841 0.12662683 0.28878221
74564.749 0.17598942 -0.07095872
26908.005 0.27464315 0.017495033
11407.385 -0.30039921 0.072444564
277301.38 0.013083042 0.15780025
51321729 -0.031113977 -0.041882894
8508.9873 -0.059644539 -0.19856171
15113.781 -0.098138349 -0.19256679
12823.593 -0.042829402 -0.21909623
200170.07 -0.040217409 -0.11330239
306065.37 0.040307238 0.12493768
14254.653 0.19429292 0.21617432
3203.3366 -0.23427512 0.11464689
180199.48 -0.14513125 -0.11175672
79114.568 -0.17338669 0.14358905
29800.49 -0.059356055 0.25864988
2041.5983 -0.27284586 0.13566445
299451.51 0.14002392 -0.033127435
4165915.4 0.075657677 0.0057642392
20591.602 -0.21847609 -0.14940143
125407.5 0.16584669 0.034053176
51604.832 0.09206992 0.10343509
38154.758 0.094110939 0.12589007
15094.089 0.20116814 -0.033676597
8908.2963 0.021510769 0.30246215
65826.245 0.16729893 0.050858625
4127.1606 0.18820713 0.23702717
802764.28 -0.091208032 -0.030855317
10416.544 0.26414332 -0.071694164
16992872 -0.052811226 0.00010270369
188933.89 0.02627089 -0.10198154
195036.83 -0.036682778 0.14184936
33672.155 0.2152199 0.031095027
14986.095 0.25720943 -0.066716861
1330.5851 -0.27747315 0.13480922
1219.2465 0.047339212 0.24879774
23118.094 0.18795843 0.08190367
3671.1378 -0.16986836 0.050445673
4864.1184 -0.043172674 -0.30968295
78126527 0.020579929 -0.0090638234
2723.1289 0.28834995 -0.11423857
3877.2647 -0.24799695 0.04977235
227710.45 0.1371756 -0.025470097
75471.429 -0.15024958 0.12812559
9200.0398 -0.15133602 -0.24605059
10159.982 -0.055733544 -0.30503345
57945.201 0.080727971 0.085615823
585418.56 -0.087327609 0.085280936
832.32687 -0.27051916 0.097253961
45888.474 0.26979574 -0.047191513
21807.498 -0.16191151 0.21854035
23812.725 -0.21164542 0.18675247
3866163.9 -0.0077562283 -0.083243785
13465.679 0.14937262 0.23843571
65435.99 -0.12571292 0.19667771
37003.224 -0.077336311 -0.16700251
22518.282 0.18056251 0.10856993
74868.59 -0.064003494 -0.15399213
288.27647 -0.23463925 0.093704245
100892.88 -0.16786004 0.0089661919
6449.0968 0.11141107 0.25480365
144830.83 0.14643115 0.040237326
29779.501 0.15919756 0.13387293
9589.3446 0.15513232 0.16756213
46861056 0.030898181 0.0088964149
90974.543 -0.0014504117 -0.19232816
48859.482 0.14754253 -0.15948673
5176.5392 0.23486113 -0.17204224
4362.9921 0.093829509 0.24980281
71998.723 0.11348955 -0.11472314
8006.6672 0.27751828 0.069005645
94467.502 -0.19476145 0.13242256
154599.4 -0.14553434 -0.093881099
15766.91 -0.11703127 0.24130963
15839.141 -0.0088875562 -0.27970956
2228.3098 -0.1379249 -0.20144188
2771604.5 -0.011087687 -0.085085917
12512.383 0.13690199 -0.2335694
11123.952 0.30797801 0.020859116
443946.89 -0.11875341 0.066554383
9892.7398 0.14141466 0.23571225
122514.43 -0.17826816 0.012730813
91589.14 -0.16284404 0.13773549
5884.5028 0.084890731 0.22417649
270.67608 0.20184957 -0.23659584
65337.092 0.112647 -0.13663555
6619.7878 -0.098037715 0.26627615
8748.5632 -0.095988362 -0.27970158
7959.6942 0.21317619 -0.19182228
320818.24 -0.029263627 0.12937467
103493.26 -0.14644884 -0.064924673
3256.8596 -0.099631651 0.223614
809178.6 -0.022151839 0.11769101
253.41119 -0.19338876 0.090403477
36346.226 0.19034035 0.14635971
71210.223 -0.097470283 -0.1626055
965720.85 -0.10697839 -0.0057257887
10924.935 0.088890599 -0.18679512
35266.411 -0.0077573156 -0.25401773
526703.9 0.11455682 -0.075508844
40345.786 -0.12965512 -0.1415645
76139.749 -0.1513312 -0.12306148
7619.0487 0.19014341 0.25251739
6374.5793 -0.033638423 -0.29365684
42196.857 -0.19852546 0.0015961372
110731.68 0.099287463 -0.13709756
13085.534 -0.10792427 0.26507667
558573.46 0.0016201444 0.15235044
194024.22 -0.15431468 0.019060536
18199.968 0.16045185 -0.12931125
111581.76 -0.14616446 -0.072092984
276003.69 0.15226131 -0.026988407
1787246.9 -0.04895311 0.036620587
84268.871 0.045159557 0.14663759
5810.1825 -0.13754427 -0.17340696
21611.987 0.091610369 -0.25558129
10914709 0.04278955 0.022815114
37328.334 -0.2426652 0.00075009582
1366131.9 0.051776884 0.08253024
33054.72 -0.17897449 0.20144087
2463.1194 -0.20569835 -0.23806236
17669.993 0.2045805 0.029645657
37614.797 -0.045694021 -0.13934298
4774.9862 0.12379708 0.25651268
254732.04 -0.055155432 0.14180665
1.4402364e+08 -0.014320133 -0.036251138
3179.4884 -0.20183372 0.070174719
10735.914 -0.28801864 -0.022884425
32481.693 0.1764449 0.17632425
9174.7565 0.0072968213 -0.14419676
4079023 -0.036046519 0.05041718
1017977.8 -0.01053243 0.11223973
55690.911 0.20371325 -0.12767049
37588.316 0.18927742 0.1474973
7374.536 -0.28492157 0.0064139038
46517.807 0.030873634 -0.11810806
107220.92 -0.18602525 0.14661849
530.76704 -0.28707554 -0.066994432
200924.7 -0.12713565 0.041161583
137169.27 -0.020028274 -0.15697289
7696.4844 -0.20357167 0.063697388
26864.858 0.1756092 0.18045107
5704.1661 -0.24886772 -0.079591076
7953.002 0.26092273 0.047560609
295086.62 0.14885693 -0.029716967
465388.1 -0.089476777 0.076627438
102873.77 0.028069892 -0.10607663
173012.2 -0.074723288 -0.094274008
28609.975 0.20201048 -0.048823437
231823.04 0.12375951 0.10302871
1023.1032 0.21266877 0.2250428
13574.357 -0.10074123 0.16595537
73027.647 0.12514238 -0.13234104
25177.097 -0.11203644 -0.19643657
4301.3204 0.089959723 -0.29098014
101897.92 -0.022658088 -0.16826737
4855.606 0.21353537 0.12969097
70187.578 0.14519783 0.0013179833
10289.72 0.21437731 0.14930252
52025.062 -0.018704957 -0.19063756
505065.74 0.11292587 0.04429068
88766.136 0.031221692 0.20100156
31911.915 0.20199738 0.15194334
8518.456 -0.14559951 -0.23703368
13715.754 0.2464023 0.0068720488
202132.42 0.11333697 0.061570908
163371.64 -0.080611429 0.11116715
325012.5 0.12131316 0.033084133
20554.74 -0.27646445 0.049267724
2069.9464 -0.13672537 0.28504063
5623.9071 0.068743281 -0.26536619
5198.7526 0.090322037 0.24184423
6330.9425 0.13242526 -0.22828484
91.564787 -0.15610164 -0.20153306
8951.6274 -0.19796452 -0.048323099
1684277.5 0.0702094 -0.067427595
26645.414 0.10015275 0.11422198
15947224 0.038030156 0.031295054
23009.569 0.1376616 -0.15876583
11453.126 0.13970111 0.25403039
1534390.5 0.066664945 -0.059379449
27804.753 -0.088193917 -0.22904749
14704.585 -0.28328164 -0.13695817
8776.274 0.052384448 -0.26845585
196655.37 0.095673669 -0.099499191
19809.964 -0.066466673 -0.28952875
25162.072 0.23196474 -0.0026838209
8287.0044 0.26826869 -0.078565946
32429.381 -0.14040348 0.24468502
10551.131 0.30854049 0.021629959
8675.2773 -0.093909676 0.27304213
6090.8118 -0.19376003 -0.21007838
59913.753 0.06960082 -0.1452459
6884.8821 0.31271494 0.00025205431
4607.822 0.15524575 -0.18927479
473901.38 0.1435811 -0.074418215
22106.983 -0.16040696 0.26822473
277.60893 0.19698766 -0.23395498
201622.78 -0.080146827 -0.11456183
30299.351 0.080701335 0.29993828
20035.315 -0.23055231 0.020649523
25761.171 -0.095682461 -0.21397582
212.31398 -0.18840105 0.082944745
12979.348 0.18080998 0.25389759
22991.765 0.27630853 -0.024713965
21430.165 0.28809224 -0.05223897
68390861 -0.034755029 -0.031097772
12696.982 0.054029751 -0.25841962
30840.716 -0.16451411 0.21176059
562964.31 0.065214514 -0.088215279
9807.3569 0.16209013 -0.2621903
6159.7695 0.16647079 0.266223
17604.952 -0.12973947 0.13214915
36969.003 0.27298836 -0.031317728
15877.941 -0.12855385 -0.26499207
2463.5854 -0.099356658 0.22834595
21489.236 -0.026136694 0.18505578
489.81623 -0.18279507 0.082364115
104016.99 -0.16509025 -0.05747843
9400.8349 0.25584506 -0.12376171
1973.6345 -0.23893276 -0.06308486
2704786.6 0.079054388 -0.060824154
14002.46 -0.25323928 -0.024538035
31739.054 0.099094507 -0.23591327
61062.986 -0.17309024 0.15883025
13459183 -0.029359485 0.047733651
23204.747 -0.13875654 0.21740124
5031.2104 0.22895206 -0.16896928
541.85778 0.24533562 0.068327371
6071.797 0.03246672 0.29414363
142314.71 0.13404748 -0.099508016
1286741.1 -0.093624118 0.022365066
133520.13 -0.15887549 -0.064028763
12940.718 -0.2630734 0.023837023
6865.1563 -0.020743995 -0.29709366
25328.067 -0.14188423 0.26136531
9707.3095 -0.19564841 -0.041737393
10929.93 0.24982225 -0.11589749
164559.35 -0.069910975 0.11271466
13818.771 -0.22055399 0.1802428
17436.833 0.24902808 -0.12345
183339.02 -0.034465321 0.14114026
2133411.2 0.06328479 -0.031765317
101674.39 -0.14317961 -0.069177108
6066.1736 0.034345946 0.24574321
4036.7376 0.055341974 0.3037125
13648.049 0.015272215 0.23816231
12701.122 0.28893002 -0.085462365
1481039.6 -0.055540002 0.0383536
350976.18 0.061266476 -0.12277823
636804.82 -0.027895334 0.080071486
381.98577 -0.1817662 0.070514754
1852.4115 -0.17658847 -0.20720429
288374.68 -0.090525071 -0.11931794
18606.778 0.27622251 0.05216131
46206.199 0.16731982 -0.16251101
80862.679 -0.06340776 0.16636962
2100479.7 -0.086081555 0.026046922
29458.19 0.20210324 -0.05272528
97224.528 -0.037419745 -0.14938436
26093.266 0.18810463 -0.012432716
924.68286 -0.23067545 0.10566511
22258.606 0.18184609 -0.027783287
527.42605 -0.27441195 0.14706953
88941.787 0.094331674 0.16117434
55460.272 -0.19444028 0.16507172
250930.36 0.11645579 -0.027294967
74343.621 -0.17185962 0.12801536
6888.5954 0.24884787 0.13370009
792.05645 -0.20691292 0.10111034
59403.489 -0.22925261 -0.025473669
16802.212 0.098311695 0.28553192
56661.453 -0.097825313 -0.094107159
9978.6358 0.263568 0.048560641
1389303.4 0.051412386 0.091334238
9493.4619 -0.19832996 -0.12920608
5023.5236 0.20389075 -0.16770225
2.2187712e+08 0.016313465 0.031656992
13641.796 0.13918878 0.24864086
44464.177 0.25091321 -0.027124697
10544.143 0.21430579 0.14970331
6656.694 -0.15769405 -0.25287692
374628.32 0.036685939 0.11267027
728.01057 -0.26721067 -0.055839499
130562.74 0.087901096 -0.1631651
2609.99 -0.27346179 0.13060013
2168.2169 -0.058260369 -0.20779027
27260.083 -0.041898249 0.22089035
16140123 -0.0019493809 -0.06813557
13204.262 0.079276069 0.21628489
2154009.3 -0.076746326 0.029179854
5140.3435 -0.24379913 -0.17793388
7631.987 0.12572234 -0.24823318
66093.707 -0.0094215258 -0.12907129
5757.7706 -0.30235596 -0.080995144
121353.78 0.080220572 -0.16257935
2944.2849 0.20948854 -0.15143885
18346.758 0.073731597 -0.24709905
132903.71 0.074967079 0.12412314
6206.1525 -0.035433084 -0.29616238
27172.434 0.14059331 0.16598863
22418.598 -0.1091924 0.13899411
785.93752 -0.23688276 0.077620397
132511.48 0.07621451 0.1661474
9001.849 0.044495888 -0.21441374
36234.643 0.18866643 0.13675293
26598.846 -0.076507092 -0.17074026
27389.117 -0.010459814 -0.26675321
11394.284 0.22473781 -0.10080997
716.05306 0.26929344 0.10092101
11701.54 0.21577131 -0.016094685
687.77164 -0.22503404 0.082536569
59113.417 0.10696867 -0.13035434
1.4611231e+08 -0.015014407 -0.0010605922
38397.449 -0.12211882 -0.22467184
3528.6289 0.23880639 -0.16790735
139.75707 -0.15309302 -0.20376618
22269.69 -0.25944079 0.011616124
4873.5453 0.015137578 -0.30793684
13972.798 0.12163535 0.18979011
674978.66 -0.10182039 0.026624022
525369.92 -0.12229795 0.085034886
15290433 0.040145219 0.017099445
79312.578 0.20014028 -0.12367336
6390.6736 0.00044044829 0.27388474
264553.32 -0.10186137 -0.13069801
44838.531 -0.18623797 -0.083931893
4806.6649 0.19350552 0.24821915
16856.191 -0.090127436 0.28708678
14717.572 -0.042712136 0.30464238
47471.727 0.19338712 0.063322479
125615.98 -0.14425425 -0.014218136
24298.112 0.097197243 -0.2283406
214512.99 -0.12977758 -0.059319957
8666012.5 0.058228402 0.01328778
184682.69 0.15893822 -0.079155107
143159.98 0.14655558 0.067949883
29478.937 0.076014486 0.29184517
73283.049 -0.10900931 0.19946219
54157.7 -0.036410468 -0.13650378
17543.698 0.069371751 0.29443798
14201.269 -0.25234526 -0.022848849
893.11143 0.071061641 0.2470881
7038.7277 -0.21929424 0.2120745
184100.73 -0.059722309 0.15411038
734817.55 -0.098801523 0.08331677
6816.7321 0.22341383 0.17686761
1355184 -0.056072975 0.092076837
157.16327 -0.15278918 -0.19520318
205118.14 -0.15563624 0.016149404
28977.774 0.080799292 0.077762973
53240.187 -0.03327293 -0.18748386
4480.2237 -0.1081081 0.28139897
3942.4646 0.085396571 0.23625566
3433.1447 -0.20245162 0.22288185
78294.088 -0.19935517 0.13242378
13765.679 -0.085284394 0.22941622
85175.59 -0.12720664 -0.095022859
175778.71 0.13094111 0.064377582
137790.49 -0.11250902 -0.14590514
17207.854 -0.17891091 0.24917875
372164.26 0.094503341 0.050389093
513048.64 -0.089794488 0.078552694
401121.51 -0.0039905466 0.087801242
111680.77 -0.1882603 0.14676936
4723691.8 0.03226276 -0.042761452
32395.113 0.17122615 -0.17292319
47208.266 -0.1738461 -0.068042027
1176753.3 0.021442122 0.083617511
19853.509 0.26531092 0.15763921
4073.6987 -0.19559143 -0.24096153
271956.75 -0.13358788 -0.11647054
28223.59 -0.030403762 -0.26795161
64896.448 -0.16526047 0.14838491
39726.511 -0.17681696 0.1831449
93.976011 -0.1592159 -0.20141732
55802.51 0.057621151 0.19983376
4061058.3 0.077690122 0.00028504361
82925.573 0.037923308 -0.12506809
2664.2837 0.15590446 0.27067631
21819.109 -0.044180818 -0.26687394
7405.983 -0.25873568 0.072439769
62472.81 -0.15890562 0.14710906
47090.352 0.14976731 -0.16746153
59703.743 -0.11964807 -0.096452427
16288.629 -0.22424248 -0.053766948
1270958.4 0.051000004 0.09405145
1415594.7 0.090013932 -0.022237451
16465.951 0.1895923 -0.14470229
25883.727 0.10769538 0.19602736
663.99994 0.14682254 0.20065594
57162.459 0.19511728 -0.10062437
15558.391 -0.061029635 -0.19406461
11975.118 0.21493363 -0.015179331
51537.813 -0.11054012 -0.22061806
233384.82 -0.087441972 -0.11023547
189962.12 -0.13996806 0.10612172
335639.52 -0.0088476811 0.08595547
90846.721 0.068822599 0.16942136
2557.545 0.044632628 0.3054269
77494.888 -0.00063958601 -0.20077111
32959.085 -0.15820492 0.20483654
4418.4235 -0.21511597 0.11719887
8714.7894 0.059250356 0.23508065
2904.0402 -0.24871493 0.18219364
1103114.2 0.031728614 0.093080151
24635.642 -0.11296981 0.21042982
14079.379 0.27169223 0.14275389
37794.614 0.18237762 0.073799694
212336.15 -0.036371305 -0.11027452
5115.5287 0.11736987 -0.23235083
151803.91 -0.038264908 -0.163127
1102282.5 -0.008633638 0.10711366
27816.885 -0.040919364 -0.23694141
11215.955 -0.25013245 -0.12376822
145357.38 0.17096893 0.021868374
8473.4857 -0.063460782 0.29577506
12154.46 -0.038911252 -0.20491281
29783.835 0.062736365 -0.1581716
1107905.5 0.016774565 -0.091151352
2505.0949 0.2268145 -0.15918146
26983.87 0.10387713 -0.24086825
2036.1049 -0.30862308 0.012158382
52326.982 0.046549869 -0.13764223
1823035.3 0.089769725 0.021979836
30084.153 -0.014720707 0.24183476
77559.688 -0.10201108 0.18653043
20471.801 0.028312709 -0.15520374
170169 -0.027725788 0.15133844
157021.21 -0.13052225 -0.10190724
10338.272 -0.061992544 0.18610955
6104.7103 0.13487788 -0.22352233
24309.453 -0.20829097 0.027260454
5701.2866 -0.23090479 0.14437387
143976.2 0.038661456 -0.11292896
16169.877 -0.15281314 0.066591649
5647.9959 -0.28206991 -0.0936452
27351.372 0.11110416 0.12124709
17726.227 -0.21548972 0.1510519
930686.73 -0.088558227 -0.029223717
10688.98 0.26720361 -0.073093868
22287.901 -0.054730383 0.26680932
21027.957 0.20154897 -0.13874249
2253.4145 -0.31618768 -4.6237838e-06
254713.09 0.054614353 0.12826853
120935 -0.16327927 -0.059948016
11614.631 -0.080088383 0.24003773
28992 -0.13871519 0.19103614
86196.037 -0.15791196 0.16633614
5933.5755 0.12867138 0.25352981
67758.431 -0.15355769 0.03104783
27724.046 -0.15889135 0.07922798
540847.84 -0.10548855 -0.030082469
40383.582 -0.0098706891 -0.22663391
244.3417 -0.29404284 -0.059215043
213468.41 0.1548693 -0.034002097
25838.03 -0.13294543 -0.25644313
24004.364 -0.080250524 0.20816321
658160.09 -0.088361474 -0.066971396
63430.253 -0.1874341 -0.090317368
59418.118 -0.10516859 0.13169362
1525.7905 -0.19731518 0.10078857
67498031 -0.018221385 0.016046386
39954.149 0.22663404 -0.12490537
8632.3936 -0.25312581 -0.039683083
11168.808 -0.078960761 -0.26918567
7614.1855 -0.17984099 0.048869706
6799.7781 0.29916951 0.070132393
57552.295 -0.22713621 -0.021092486
179357.9 -0.028788583 0.15419814
434539.3 -0.009946422 0.13182935
571.71908 -0.20409626 0.082064117
1396.947 0.25445677 0.069570482
4561.8204 0.12652415 0.28353114
7741.2339 -0.2342832 0.18167779
87063.132 0.043793821 0.15913413
32921.096 -0.18666773 -0.014789546
76088.555 0.14683459 0.10923601
14824272 -0.047781961 -0.022901261
13513.21 -0.23937012 -0.16187603
2607545 -0.054790529 0.07096541
22797.72 0.27581258 0.0044533748
177978.41 -0.16538836 -0.023080227
166.06262 -0.30017544 -0.053945108
91689.757 -0.18370307 0.1520426
459114.95 0.011196829 -0.099146765
22863.518 -0.037365633 0.26384002
610667.78 0.058053348 -0.068119097
38814.418 0.15037342 0.097524137
8198.3487 0.013417737 -0.26697462
20007.14 0.071624457 0.18445363
8189.9383 -0.22729423 0.21658705
283078.71 -0.13219382 0.097535322
142256.09 0.10364356 -0.14411268
45006715 -0.038646013 -0.0012770665
2289.2905 0.12623469 0.20213028
2515.3057 -0.31538756 -0.010037578
2491113.1 0.083024241 -0.037740801
2227995.4 -0.015078198 -0.085004489
26090.54 0.13562518 0.17457783
116810.34 -0.044458607 -0.18236469
9826.685 0.011372414 0.28615539
19793.506 -0.14817977 0.19598486
567593.79 0.10747581 -0.0029468841
826015.5 -0.016779868 0.11743171
266004.36 -0.074246686 0.12895823
38568.584 -0.076226934 0.22684261
36407.426 0.059625356 0.22296493
423585.26 0.054013369 0.11891867
98721.885 -0.19843404 0.14286579
49603.645 0.0089232347 0.20513899
1788.3146 0.2353058 0.09286259
6174.4196 -0.022089883 -0.31545117
9068.4953 0.23770395 -0.19277087
9180.3958 -0.082208013 -0.22011828
839301.82 -0.099926458 0.030369515
76867.855 -0.021683364 -0.12797711
21954.158 0.04506791 -0.26090761
11822.276 -0.07635878 0.25191195
171238.91 -0.074006862 -0.092222333
33741.258 0.2150068 -0.054053762
144143.56 0.16121822 0.033084242
47677.892 0.11167629 0.11657577
1003419.9 -0.077343644 -0.029032561
121855.05 -0.045522597 -0.1572312
1828976.6 0.045055137 0.050609846
17448.322 0.050947314 -0.16402069
1243.4199 -0.17978905 -0.15250071
17399.48 0.10863076 -0.24873088
315981.24 -0.14325037 0.007021778
19145.755 0.15049427 -0.25022848
20268.566 0.097270809 -0.25625864
37281.655 -0.17145931 0.11483834
609.28796 0.26960399 0.10677419
43030.345 -0.16447082 0.20410859
462910.08 0.093714235 -0.091380118
847446.4 -0.096316609 0.015025822
1172047.8 -0.10496646 -0.019995312
130684.04 -0.095960082 -0.15596565
63910.335 -0.18384786 0.00072749867
20283.277 0.15754461 -0.22855366
17182.698 0.23546521 0.14449698
157666.69 -0.13074773 -0.063592391
9106.7243 0.085366153 0.27329219
615911.34 -0.088825793 0.053316644
7625.2703 -0.17895806 0.10385083
44030.504 -0.16829737 0.19029421
1249.803 0.22688323 -0.20858724
787.26235 -0.30505178 -0.034856878
29462.137 0.093567224 0.29467231
19779.602 0.29286116 0.0042740132
11970.949 0.11336915 -0.25171474
70069.093 0.022777962 -0.10856459
2330515.7 -0.080135246 -0.016319452
16449.289 0.090503648 0.27993339
19785.012 -0.066164378 -0.23601245
2358.854 0.15542296 0.19542935
15718.147 0.013673924 0.25566676
26447.342 0.054919394 -0.24032554
39053.429 -0.026944998 -0.21060979
22812.074 0.23863592 -0.0069169502
2511545.4 0.072689005 -0.051421034
681.48702 0.12178912 -0.18574522
28918.241 -0.11450638 -0.26195839
14992.852 -0.0022839357 -0.2957118
18893.722 -0.27019678 -0.017900319
3737.5068 -0.23215315 -0.20087318
13790.099 0.078362207 0.20288904
6898.5869 -0.24116244 0.156805
3533.6651 -0.26650286 0.10948177
19133.99 -0.10110797 -0.19270625
21833.912 0.011581943 -0.25354225
4896.5473 -0.12129222 0.27942879
15221.838 0.045584566 -0.2209733
59441.442 -0.12517816 0.19887782
6106.7976 -0.098233142 0.21783693
293.90249 -0.22981783 0.097738945
7673.2669 0.16507742 -0.2553997
10537.6 0.23402703 -0.1441747
11306.992 -0.09454927 -0.18991242
4700.2751 -0.067933188 0.30434276
555509.38 0.11738133 -0.051278663
2752.9408 -0.14131467 -0.2167861
14714.013 -0.26360206 -0.15859167
169371.94 0.1307007 0.0065801123
21567.63 -0.25534022 -0.097998712
14758.293 0.28666536 -0.034329938
41335.674 -0.12146617 -0.080991714
9448.9388 0.15844812 -0.21659251
21305.586 -0.20293766 -0.037360536
17120.723 0.10475867 0.12343758
27731.958 -0.17531943 -0.044518709
8834.0506 0.15076367 -0.18431504
5976.569 -0.27658154 -0.10230825
384850.47 0.014355186 0.1019523
17271.755 0.11118683 0.24228843
28386.093 0.088932773 -0.21913119
103776.38 0.028755108 0.1717951
3055.2846 -0.16483717 -0.24070457
594245.58 -0.10459722 0.03349668
13128.261 -0.22381273 -0.10321422
35592.001 -0.20875492 -0.0087313305
889.81496 -0.31516586 0.014663548
3577.8054 -0.21874033 0.22780267
65451.293 0.1703724 -0.1241777
26537.992 -0.11456426 -0.19380586
5255.3772 -0.18425621 -0.23183126
14499.38 -0.23330356 0.21114657
3722.1829 0.30166542 0.042883712
3892.5456 0.12877325 -0.22678452
5148.2129 -0.13108192 -0.28266666
13325.444 -0.28701096 -0.00077188783
24405.792 -0.27658199 0.054770712
43220.15 -0.021839656 0.17541058
56497.519 0.13149284 0.12156827
72483.777 -0.19303627 0.004992719
33434.22 -0.15749269 0.19997011
144262 0.033626497 0.16211107
109384.98 -0.12010687 -0.070279254
17973.198 0.19630494 -0.14174726
26491.835 0.20123514 0.09855725
2276.1879 0.290632 0.11947683
4807.1102 0.2302932 0.061089016
25564.446 0.015717126 -0.2360803
2239.0919 -0.27679991 -0.085157916
1615.4959 0.26929647 0.11985764
421480.59 0.13124361 -0.056894599
18491.048 -0.15725279 0.27038901
1827668.6 0.089307547 0.031438409
3473.2224 0.27541199 -0.12006045
46049.095 0.048767926 -0.17856105
11156.807 0.24225577 -0.1819356
43721.212 -0.10139609 0.17685905
893798.21 0.065830674 0.049519152
958.87984 0.17108789 -0.20237403
191575.69 0.11906492 -0.025394972
3025733.1 0.037920213 0.060361513
50243.947 0.10867719 0.18544886
395.52117 0.064390454 0.25886129
6963.3347 0.080091718 -0.29250957
6116.5229 -0.092625064 0.26265595
6202.1672 0.21434967 0.12352645
43622.915 0.21484508 -0.11456244
706730.71 0.10529337 0.04021734
6411.6032 0.2163313 0.18734661
91498.445 0.081424726 -0.16794001
2563.7022 -0.14877382 -0.27691552
438883.34 -0.069425094 0.097290714
3987.4625 -0.27918283 -0.091181066
32300.794 -0.20258316 0.16559748
26471.747 0.28838218 0.018234004
125099.93 -0.045600193 -0.15760948
774.62228 0.20824231 0.23326889
115037.19 -0.075879955 -0.1535058
7892213.7 0.024644556 0.065844131
1269.6022 0.23498102 0.07777348
11381.231 -0.25662904 -0.032985738
55189.908 0.050631865 -0.18221263
26905.6 -0.050093755 -0.25609504
4289.7009 -0.13936296 -0.17332917
7221.7851 0.18751538 -0.18019074
14248.601 -0.23426885 -0.16190523
105654.7 -0.042912592 -0.15475776
27157.74 -0.10520477 0.20802433
2915.7097 0.1380347 -0.21212179
4264.7556 -0.29159982 -0.032558545
1506.7275 0.15748524 -0.19947249
54064.346 0.21694667 0.017907955
1614.9336 -0.18158659 0.093089724
18803.082 -0.21661058 -0.1541532
8985.4092 -0.084139491 0.17818465
400508.59 0.021336667 0.096930314
202282.6 -0.018957501 0.13990504
46721.634 0.18370277 0.12700671
8277.4576 0.26308917 -0.1526943
15607.584 -0.28744014 0.049659829
55590.684 -0.12649929 -0.14068885
16171.184 -0.12009205 0.26969448
7559.9322 -0.23988416 0.16756437
10067.996 -0.052197037 0.29795325
15023.776 -0.073069354 -0.27928697
33524.545 0.080024184 0.28971504
32763.225 -0.063636655 0.23497501
42481.261 0.090339051 0.18662338
96278.021 -0.14581225 0.12026778
6956.0093 -0.26781838 0.027610556
96481.863 -0.030826509 0.16854497
23913.165 -0.18533764 0.04225041
836061.23 0.03313416 -0.0891056
3.8130883e+08 0.014119799 0.021070972
80309.909 0.042959444 0.19987273
5485.1408 -0.075176454 0.30554501
31693.133 0.082937522 -0.24572027
48996.696 0.0012629966 -0.1672665
6645.0214 0.18113677 0.2413852
10995.988 -0.10110876 -0.29476627
4477.4103 0.25673408 0.12959047
30972.844 -0.1705368 -0.11366415
7246.5371 -0.1296809 -0.20334155
15595.945 -0.25917192 0.00049759471
17993.772 -0.15185195 0.066585295
14567.159 0.15583596 0.24703929
5231.953 0.27181902 -0.087429959
10773.803 -0.12337024 0.23333133
6353.1898 0.21226357 0.20609295
299831.9 0.14388622 -0.025281425
31322.305 0.05665062 0.22455006
230175.6 0.13943776 -0.018772374
99240.543 0.13701321 0.11275831
12153.424 0.29229205 -0.038596048
5383346.5 -0.056569041 -0.051871992
75594.67 -0.10953628 -0.24159894
8311.4815 0.2589 -0.12744261
8081.5 0.15281686 0.15824323
24275.436 -0.14701808 0.23848923
20405.714 0.0080143779 -0.15562095
38204.73 0.11633052 0.12127028
3939.7354 -0.27877528 -0.09137743
3498912.1 -0.074242533 0.011674055
22594.301 0.18326329 -0.025876088
44534.337 0.031434488 -0.16391985
15857.283 -0.26866378 -0.014650942
21735.47 -0.12860026 0.2393506
412581.43 -0.10364717 -0.056704887
2284.3288 0.23441258 0.095514154
18844.401 -0.075998888 -0.23903772
227361.89 -0.13740598 0.015673896
1990.1183 0.12958121 -0.21757816
13846.813 0.12635686 -0.15481029
14803.096 0.035525249 -0.13923055
26121.184 0.18544153 0.20887581
9043.5378 -0.13406403 -0.1843571
125224.73 -0.13162032 0.11208215
89673.625 -0.17904204 0.1347526
16776.028 0.071673338 0.18689394
3720246.8 -0.045743212 0.031626551
5828.7591 -0.25033901 0.042456711
4634.8573 0.21713482 0.19526308
93267.772 0.15217487 -0.10116146
1991.1946 0.28543951 0.12500222
66989.168 -0.13111396 0.17613718
11101.271 0.2162299 0.17414281
232365.01 -0.10896749 -0.13159522
11227.936 -0.22465644 0.17855401
2326.6536 0.12992745 -0.21876472
11722.096 0.27308627 -0.15384265
4844.0722 0.037600422 0.23544723
424305.05 0.13376318 -0.085085632
2421852.3 0.083148238 -0.062735608
26628.431 0.089246752 0.28609862
1924.5141 0.23442067 0.11087976
13192.911 0.16983661 -0.18243109
11528.203 -0.12657962 0.13739091
70301.556 0.033603055 -0.11693788
403250.25 0.050864953 -0.10298148
3228.8058 -0.2486684 0.15975122
23531.711 0.16867265 -0.14925949
21928.47 0.23380263 0.15526662
4124.7882 0.09929422 0.25643395
79745.229 -0.099159095 0.13281447
86334153 -0.033044775 -0.026561616
91621.289 -0.12938882 -0.094047949
639.56579 -0.28602974 0.10978616
51411.417 -0.11352992 -0.25314248
9540.8758 -0.24258157 -0.16859934
839.53318 -0.17393518 0.067272393
15706.414 -0.1375656 -0.23546182
1791.8218 -0.1746291 0.077349319
6485.8188 0.12313451 0.19606935
180489.82 0.11961268 -0.02309345
2791.6672 0.2495452 0.047841295
19376.52 0.10298402 0.23360561
2.9361819e+08 -0.0033444061 0.025558981
35569.943 0.27423874 -0.048534318
2.983394e+08 -0.016548747 -0.023376675
67827.043 0.10749824 0.16395285
70018.796 -0.071923932 -0.15977978
78392.207 0.059278644 -0.13885419
117345.42 0.08828551 0.16218694
592103.55 -0.060684799 -0.079861484
6201.904 -0.11177025 -0.28644606
196932.75 0.043673674 0.13261515
15825.799 0.2602977 0.16588817
18905.14 -0.17015899 0.10238346
660945.19 -0.044378655 0.10146334
1581144.2 0.096796339 0.024970032
42812.807 -0.075957769 0.22436443
10956.073 0.012012042 -0.26334007
24310.699 0.0396022 -0.3001896
7555.6703 0.091145049 -0.28312452
893099.3 0.09302783 -0.081493564
137.7261 0.19261129 -0.21356043
58046277 -0.036291878 -0.019603851
94126.548 0.081885367 0.061144201
3439.7344 0.20181936 0.22478424
2917.9018 -0.059008664 -0.20515281
24620.653 -0.048580571 0.22673823
1248947.1 -0.051914027 0.094813148
463709.42 -0.069284883 -0.074439424
9848.3945 0.073183616 -0.28796288
8304.3869 -0.22201621 0.067531106
569.84543 -0.20573066 0.098941408
158229.4 -0.055854966 -0.16927203
133695.8 -0.15939504 -0.063692649
129957.34 -0.13886834 0.07458306
841.26333 0.21076543 0.22871565
7285.983 -0.22240004 0.13718147
37634.392 -0.11702672 -0.2577402
47236.416 -0.0090300643 0.22357824
136925.52 0.17856716 -0.11229285
1.5448282e+08 -0.0051016829 0.040435083
32500.932 0.22496997 -0.11169704
32197.869 0.18780244 0.1986693
31351538 -0.025949675 0.040708108
2076988.4 -0.045856078 0.037996241
23501.444 0.28025605 -0.064975989
869166.77 0.060695442 -0.041176798
12904.932 0.033849277 0.22422825
15778.21 -0.081567219 -0.25853656
31801.338 0.20944556 0.022053022
1117236.6 -0.074876369 0.061402126
222.68718 0.11699588 -0.2016132
9555.4456 0.052708412 0.23362377
13262.181 -0.27157416 0.073069858
1117.0073 -0.22068821 -0.22552862
2163.9033 0.23665934 -0.16063895
16064.157 -0.20123185 -0.021205127
71800.015 0.093285412 0.13634517
178629.88 -0.040003026 -0.17005525
186427.48 -0.085737391 -0.13392108
15675.557 0.13416746 -0.14818796
17615.535 -0.21815705 -0.088650867
11311.027 -0.011333267 -0.31407118
175.34524 -0.30425951 -0.05423351
10881.157 -0.29385562 0.052773872
900374.35 -0.092158152 -0.049914618
15501.451 0.13601421 0.14270677
54681.053 0.14158837 -0.11540031
4833986.6 -0.0077283492 0.068078965
6573.4284 0.26656292 -0.12800641
5613.3093 -0.021838564 -0.31268926
31287.047 0.13739612 0.16996029
4600355.2 0.028120185 -0.057827638
310.51814 -0.17451405 -0.16020737
36883.36 0.21178622 -0.052559104
65639.917 -0.074444719 -0.16090293
462041.11 0.0023073743 0.091012414
7786.6838 0.26047504 0.046230915
10860.896 -0.29194643 0.048508321
2.2213788e+08 0.014162176 0.033539521
234693.9 0.12558839 0.10008718
25430.395 0.034867401 -0.23567329
55013.774 -0.18239527 -0.01742923
12963.216 0.30087345 -0.037569809
653.04441 0.13361872 0.20964844
6236.9207 -0.24184324 0.18541405
19144.867 -0.13593507 0.22745193
9825.1988 -0.07897979 0.24434769
36419.008 0.23932171 -0.021964301
29325.081 -0.062576612 0.26147992
6746.267 0.28792644 -0.091067241
695347.68 0.00623599 0.13847482
26068.02 0.20089538 0.046653278
17151.09 0.10357971 0.29847004
118221.83 0.055633628 0.13734491
40498.578 -0.24008175 0.013190739
1318.2649 -0.29747747 0.029592452
